
Circuit: opamp based circuit - 3 

                            opamp based circuit - 3 
                            DC transfer characteristic  Mon Jan 31 17:13:12  2022
--------------------------------------------------------------------------------
Index   v-sweep         v(out)          
--------------------------------------------------------------------------------
0	5.000000e+00	5.788694e+00	
1	4.990000e+00	5.788670e+00	
2	4.980000e+00	5.788646e+00	
3	4.970000e+00	5.788622e+00	
4	4.960000e+00	5.788598e+00	
5	4.950000e+00	5.788574e+00	
6	4.940000e+00	5.788550e+00	
7	4.930000e+00	5.788526e+00	
8	4.920000e+00	5.788502e+00	
9	4.910000e+00	5.788478e+00	
10	4.900000e+00	5.788454e+00	
11	4.890000e+00	5.788430e+00	
12	4.880000e+00	5.788406e+00	
13	4.870000e+00	5.788382e+00	
14	4.860000e+00	5.788358e+00	
15	4.850000e+00	5.788334e+00	
16	4.840000e+00	5.788310e+00	
17	4.830000e+00	5.788286e+00	
18	4.820000e+00	5.788262e+00	
19	4.810000e+00	5.788238e+00	
20	4.800000e+00	5.788214e+00	
21	4.790000e+00	5.788190e+00	
22	4.780000e+00	5.788165e+00	
23	4.770000e+00	5.788141e+00	
24	4.760000e+00	5.788117e+00	
25	4.750000e+00	5.788093e+00	
26	4.740000e+00	5.788069e+00	
27	4.730000e+00	5.788045e+00	
28	4.720000e+00	5.788021e+00	
29	4.710000e+00	5.787997e+00	
30	4.700000e+00	5.787973e+00	
31	4.690000e+00	5.787949e+00	
32	4.680000e+00	5.787925e+00	
33	4.670000e+00	5.787901e+00	
34	4.660000e+00	5.787877e+00	
35	4.650000e+00	5.787853e+00	
36	4.640000e+00	5.787829e+00	
37	4.630000e+00	5.787805e+00	
38	4.620000e+00	5.787781e+00	
39	4.610000e+00	5.787757e+00	
40	4.600000e+00	5.787733e+00	
41	4.590000e+00	5.787709e+00	
42	4.580000e+00	5.787685e+00	
43	4.570000e+00	5.787661e+00	
44	4.560000e+00	5.787637e+00	
45	4.550000e+00	5.787613e+00	
46	4.540000e+00	5.787589e+00	
47	4.530000e+00	5.787565e+00	
48	4.520000e+00	5.787541e+00	
49	4.510000e+00	5.787517e+00	
50	4.500000e+00	5.787493e+00	
51	4.490000e+00	5.787469e+00	
52	4.480000e+00	5.787445e+00	
53	4.470000e+00	5.787421e+00	
54	4.460000e+00	5.787397e+00	

Index   v-sweep         v(out)          
--------------------------------------------------------------------------------
55	4.450000e+00	5.787373e+00	
56	4.440000e+00	5.787349e+00	
57	4.430000e+00	5.787324e+00	
58	4.420000e+00	5.787300e+00	
59	4.410000e+00	5.787276e+00	
60	4.400000e+00	5.787252e+00	
61	4.390000e+00	5.787228e+00	
62	4.380000e+00	5.787204e+00	
63	4.370000e+00	5.787180e+00	
64	4.360000e+00	5.787156e+00	
65	4.350000e+00	5.787132e+00	
66	4.340000e+00	5.787108e+00	
67	4.330000e+00	5.787084e+00	
68	4.320000e+00	5.787060e+00	
69	4.310000e+00	5.787036e+00	
70	4.300000e+00	5.787012e+00	
71	4.290000e+00	5.786988e+00	
72	4.280000e+00	5.786964e+00	
73	4.270000e+00	5.786940e+00	
74	4.260000e+00	5.786916e+00	
75	4.250000e+00	5.786892e+00	
76	4.240000e+00	5.786868e+00	
77	4.230000e+00	5.786844e+00	
78	4.220000e+00	5.786820e+00	
79	4.210000e+00	5.786796e+00	
80	4.200000e+00	5.786772e+00	
81	4.190000e+00	5.786748e+00	
82	4.180000e+00	5.786724e+00	
83	4.170000e+00	5.786700e+00	
84	4.160000e+00	5.786676e+00	
85	4.150000e+00	5.786652e+00	
86	4.140000e+00	5.786627e+00	
87	4.130000e+00	5.786603e+00	
88	4.120000e+00	5.786579e+00	
89	4.110000e+00	5.786555e+00	
90	4.100000e+00	5.786531e+00	
91	4.090000e+00	5.786507e+00	
92	4.080000e+00	5.786483e+00	
93	4.070000e+00	5.786459e+00	
94	4.060000e+00	5.786435e+00	
95	4.050000e+00	5.786411e+00	
96	4.040000e+00	5.786387e+00	
97	4.030000e+00	5.786363e+00	
98	4.020000e+00	5.786339e+00	
99	4.010000e+00	5.786315e+00	
100	4.000000e+00	5.786291e+00	
101	3.990000e+00	5.786267e+00	
102	3.980000e+00	5.786243e+00	
103	3.970000e+00	5.786219e+00	
104	3.960000e+00	5.786195e+00	
105	3.950000e+00	5.786171e+00	
106	3.940000e+00	5.786147e+00	
107	3.930000e+00	5.786123e+00	
108	3.920000e+00	5.786099e+00	
109	3.910000e+00	5.786075e+00	
110	3.900000e+00	5.786051e+00	
111	3.890000e+00	5.786027e+00	
112	3.880000e+00	5.786002e+00	

Index   v-sweep         v(out)          
--------------------------------------------------------------------------------
113	3.870000e+00	5.785978e+00	
114	3.860000e+00	5.785954e+00	
115	3.850000e+00	5.785930e+00	
116	3.840000e+00	5.785906e+00	
117	3.830000e+00	5.785882e+00	
118	3.820000e+00	5.785858e+00	
119	3.810000e+00	5.785834e+00	
120	3.800000e+00	5.785810e+00	
121	3.790000e+00	5.785786e+00	
122	3.780000e+00	5.785762e+00	
123	3.770000e+00	5.785738e+00	
124	3.760000e+00	5.785714e+00	
125	3.750000e+00	5.785690e+00	
126	3.740000e+00	5.785666e+00	
127	3.730000e+00	5.785642e+00	
128	3.720000e+00	5.785618e+00	
129	3.710000e+00	5.785594e+00	
130	3.700000e+00	5.785570e+00	
131	3.690000e+00	5.785546e+00	
132	3.680000e+00	5.785522e+00	
133	3.670000e+00	5.785498e+00	
134	3.660000e+00	5.785474e+00	
135	3.650000e+00	5.785450e+00	
136	3.640000e+00	5.785425e+00	
137	3.630000e+00	5.785401e+00	
138	3.620000e+00	5.785377e+00	
139	3.610000e+00	5.785353e+00	
140	3.600000e+00	5.785329e+00	
141	3.590000e+00	5.785305e+00	
142	3.580000e+00	5.785281e+00	
143	3.570000e+00	5.785257e+00	
144	3.560000e+00	5.785233e+00	
145	3.550000e+00	5.785209e+00	
146	3.540000e+00	5.785185e+00	
147	3.530000e+00	5.785161e+00	
148	3.520000e+00	5.785137e+00	
149	3.510000e+00	5.785113e+00	
150	3.500000e+00	5.785089e+00	
151	3.490000e+00	5.785065e+00	
152	3.480000e+00	5.785041e+00	
153	3.470000e+00	5.785017e+00	
154	3.460000e+00	5.784993e+00	
155	3.450000e+00	5.784969e+00	
156	3.440000e+00	5.784945e+00	
157	3.430000e+00	5.784921e+00	
158	3.420000e+00	5.784896e+00	
159	3.410000e+00	5.784872e+00	
160	3.400000e+00	5.784848e+00	
161	3.390000e+00	5.784824e+00	
162	3.380000e+00	5.784800e+00	
163	3.370000e+00	5.784776e+00	
164	3.360000e+00	5.784752e+00	
165	3.350000e+00	5.784728e+00	
166	3.340000e+00	5.784704e+00	
167	3.330000e+00	5.784680e+00	
168	3.320000e+00	5.784656e+00	
169	3.310000e+00	5.784632e+00	
170	3.300000e+00	5.784608e+00	

Index   v-sweep         v(out)          
--------------------------------------------------------------------------------
171	3.290000e+00	5.784584e+00	
172	3.280000e+00	5.784560e+00	
173	3.270000e+00	5.784536e+00	
174	3.260000e+00	5.784512e+00	
175	3.250000e+00	5.784488e+00	
176	3.240000e+00	5.784464e+00	
177	3.230000e+00	5.784440e+00	
178	3.220000e+00	5.784416e+00	
179	3.210000e+00	5.784391e+00	
180	3.200000e+00	5.784367e+00	
181	3.190000e+00	5.784343e+00	
182	3.180000e+00	5.784319e+00	
183	3.170000e+00	5.784295e+00	
184	3.160000e+00	5.784271e+00	
185	3.150000e+00	5.784247e+00	
186	3.140000e+00	5.784223e+00	
187	3.130000e+00	5.784199e+00	
188	3.120000e+00	5.784175e+00	
189	3.110000e+00	5.784151e+00	
190	3.100000e+00	5.784127e+00	
191	3.090000e+00	5.784103e+00	
192	3.080000e+00	5.784079e+00	
193	3.070000e+00	5.784055e+00	
194	3.060000e+00	5.784031e+00	
195	3.050000e+00	5.784007e+00	
196	3.040000e+00	5.783983e+00	
197	3.030000e+00	5.783959e+00	
198	3.020000e+00	5.783934e+00	
199	3.010000e+00	5.783910e+00	
200	3.000000e+00	5.783886e+00	
201	2.990000e+00	5.783862e+00	
202	2.980000e+00	5.783838e+00	
203	2.970000e+00	5.783814e+00	
204	2.960000e+00	5.783790e+00	
205	2.950000e+00	5.783766e+00	
206	2.940000e+00	5.783742e+00	
207	2.930000e+00	5.783718e+00	
208	2.920000e+00	5.783694e+00	
209	2.910000e+00	5.783670e+00	
210	2.900000e+00	5.783646e+00	
211	2.890000e+00	5.783622e+00	
212	2.880000e+00	5.783598e+00	
213	2.870000e+00	5.783574e+00	
214	2.860000e+00	5.783550e+00	
215	2.850000e+00	5.783526e+00	
216	2.840000e+00	5.783502e+00	
217	2.830000e+00	5.783477e+00	
218	2.820000e+00	5.783453e+00	
219	2.810000e+00	5.783429e+00	
220	2.800000e+00	5.783405e+00	
221	2.790000e+00	5.783381e+00	
222	2.780000e+00	5.783357e+00	
223	2.770000e+00	5.783333e+00	
224	2.760000e+00	5.783309e+00	
225	2.750000e+00	5.783285e+00	
226	2.740000e+00	5.783261e+00	
227	2.730000e+00	5.783237e+00	
228	2.720000e+00	5.783213e+00	

Index   v-sweep         v(out)          
--------------------------------------------------------------------------------
229	2.710000e+00	5.783189e+00	
230	2.700000e+00	5.783165e+00	
231	2.690000e+00	5.783141e+00	
232	2.680000e+00	5.783117e+00	
233	2.670000e+00	5.783093e+00	
234	2.660000e+00	5.783068e+00	
235	2.650000e+00	5.783044e+00	
236	2.640000e+00	5.783020e+00	
237	2.630000e+00	5.782996e+00	
238	2.620000e+00	5.782972e+00	
239	2.610000e+00	5.782948e+00	
240	2.600000e+00	5.782924e+00	
241	2.590000e+00	5.782900e+00	
242	2.580000e+00	5.782876e+00	
243	2.570000e+00	5.782852e+00	
244	2.560000e+00	5.782828e+00	
245	2.550000e+00	5.782804e+00	
246	2.540000e+00	5.782780e+00	
247	2.530000e+00	5.782756e+00	
248	2.520000e+00	5.782732e+00	
249	2.510000e+00	5.782708e+00	
250	2.500000e+00	5.782684e+00	
251	2.490000e+00	5.782659e+00	
252	2.480000e+00	5.782635e+00	
253	2.470000e+00	5.782611e+00	
254	2.460000e+00	5.782587e+00	
255	2.450000e+00	5.782563e+00	
256	2.440000e+00	5.782539e+00	
257	2.430000e+00	5.782515e+00	
258	2.420000e+00	5.782491e+00	
259	2.410000e+00	5.782467e+00	
260	2.400000e+00	5.782443e+00	
261	2.390000e+00	5.782419e+00	
262	2.380000e+00	5.782395e+00	
263	2.370000e+00	5.782371e+00	
264	2.360000e+00	5.782347e+00	
265	2.350000e+00	5.782323e+00	
266	2.340000e+00	5.782299e+00	
267	2.330000e+00	5.782274e+00	
268	2.320000e+00	5.782250e+00	
269	2.310000e+00	5.782226e+00	
270	2.300000e+00	5.782202e+00	
271	2.290000e+00	5.782178e+00	
272	2.280000e+00	5.782154e+00	
273	2.270000e+00	5.782130e+00	
274	2.260000e+00	5.782106e+00	
275	2.250000e+00	5.782082e+00	
276	2.240000e+00	5.782058e+00	
277	2.230000e+00	5.782034e+00	
278	2.220000e+00	5.782010e+00	
279	2.210000e+00	5.781986e+00	
280	2.200000e+00	5.781962e+00	
281	2.190000e+00	5.781938e+00	
282	2.180000e+00	5.781913e+00	
283	2.170000e+00	5.781889e+00	
284	2.160000e+00	5.781865e+00	
285	2.150000e+00	5.781841e+00	
286	2.140000e+00	5.781817e+00	

Index   v-sweep         v(out)          
--------------------------------------------------------------------------------
287	2.130000e+00	5.781793e+00	
288	2.120000e+00	5.781769e+00	
289	2.110000e+00	5.781745e+00	
290	2.100000e+00	5.781721e+00	
291	2.090000e+00	5.781697e+00	
292	2.080000e+00	5.781673e+00	
293	2.070000e+00	5.781649e+00	
294	2.060000e+00	5.781625e+00	
295	2.050000e+00	5.781601e+00	
296	2.040000e+00	5.781577e+00	
297	2.030000e+00	5.781552e+00	
298	2.020000e+00	5.781528e+00	
299	2.010000e+00	5.781504e+00	
300	2.000000e+00	5.781480e+00	
301	1.990000e+00	5.781456e+00	
302	1.980000e+00	5.781432e+00	
303	1.970000e+00	5.781408e+00	
304	1.960000e+00	5.781384e+00	
305	1.950000e+00	5.781360e+00	
306	1.940000e+00	5.781336e+00	
307	1.930000e+00	5.781312e+00	
308	1.920000e+00	5.781288e+00	
309	1.910000e+00	5.781264e+00	
310	1.900000e+00	5.781240e+00	
311	1.890000e+00	5.781215e+00	
312	1.880000e+00	5.781191e+00	
313	1.870000e+00	5.781167e+00	
314	1.860000e+00	5.781143e+00	
315	1.850000e+00	5.781119e+00	
316	1.840000e+00	5.781095e+00	
317	1.830000e+00	5.781071e+00	
318	1.820000e+00	5.781047e+00	
319	1.810000e+00	5.781023e+00	
320	1.800000e+00	5.780999e+00	
321	1.790000e+00	5.780975e+00	
322	1.780000e+00	5.780951e+00	
323	1.770000e+00	5.780927e+00	
324	1.760000e+00	5.780903e+00	
325	1.750000e+00	5.780878e+00	
326	1.740000e+00	5.780854e+00	
327	1.730000e+00	5.780830e+00	
328	1.720000e+00	5.780806e+00	
329	1.710000e+00	5.780782e+00	
330	1.700000e+00	5.780758e+00	
331	1.690000e+00	5.780734e+00	
332	1.680000e+00	5.780710e+00	
333	1.670000e+00	5.780686e+00	
334	1.660000e+00	5.780662e+00	
335	1.650000e+00	5.780638e+00	
336	1.640000e+00	5.780614e+00	
337	1.630000e+00	5.780590e+00	
338	1.620000e+00	5.780566e+00	
339	1.610000e+00	5.780541e+00	
340	1.600000e+00	5.780517e+00	
341	1.590000e+00	5.780493e+00	
342	1.580000e+00	5.780469e+00	
343	1.570000e+00	5.780445e+00	
344	1.560000e+00	5.780421e+00	

Index   v-sweep         v(out)          
--------------------------------------------------------------------------------
345	1.550000e+00	5.780397e+00	
346	1.540000e+00	5.780373e+00	
347	1.530000e+00	5.780349e+00	
348	1.520000e+00	5.780325e+00	
349	1.510000e+00	5.780301e+00	
350	1.500000e+00	5.780277e+00	
351	1.490000e+00	5.780253e+00	
352	1.480000e+00	5.780228e+00	
353	1.470000e+00	5.780204e+00	
354	1.460000e+00	5.780180e+00	
355	1.450000e+00	5.780156e+00	
356	1.440000e+00	5.780132e+00	
357	1.430000e+00	5.780108e+00	
358	1.420000e+00	5.780084e+00	
359	1.410000e+00	5.780060e+00	
360	1.400000e+00	5.780036e+00	
361	1.390000e+00	5.780012e+00	
362	1.380000e+00	5.779988e+00	
363	1.370000e+00	5.779964e+00	
364	1.360000e+00	5.779940e+00	
365	1.350000e+00	5.779915e+00	
366	1.340000e+00	5.779891e+00	
367	1.330000e+00	5.779867e+00	
368	1.320000e+00	5.779843e+00	
369	1.310000e+00	5.779819e+00	
370	1.300000e+00	5.779795e+00	
371	1.290000e+00	5.779771e+00	
372	1.280000e+00	5.779747e+00	
373	1.270000e+00	5.779723e+00	
374	1.260000e+00	5.779699e+00	
375	1.250000e+00	5.779675e+00	
376	1.240000e+00	5.779651e+00	
377	1.230000e+00	5.779626e+00	
378	1.220000e+00	5.779602e+00	
379	1.210000e+00	5.779578e+00	
380	1.200000e+00	5.779554e+00	
381	1.190000e+00	5.779530e+00	
382	1.180000e+00	5.779506e+00	
383	1.170000e+00	5.779482e+00	
384	1.160000e+00	5.779458e+00	
385	1.150000e+00	5.779434e+00	
386	1.140000e+00	5.779410e+00	
387	1.130000e+00	5.779386e+00	
388	1.120000e+00	5.779362e+00	
389	1.110000e+00	5.779337e+00	
390	1.100000e+00	5.779313e+00	
391	1.090000e+00	5.779289e+00	
392	1.080000e+00	5.779265e+00	
393	1.070000e+00	5.779241e+00	
394	1.060000e+00	5.779217e+00	
395	1.050000e+00	5.779193e+00	
396	1.040000e+00	5.779169e+00	
397	1.030000e+00	5.779145e+00	
398	1.020000e+00	5.779121e+00	
399	1.010000e+00	5.779097e+00	
400	1.000000e+00	5.779073e+00	
401	9.900000e-01	5.779048e+00	
402	9.800000e-01	5.779024e+00	

Index   v-sweep         v(out)          
--------------------------------------------------------------------------------
403	9.700000e-01	5.779000e+00	
404	9.600000e-01	5.778976e+00	
405	9.500000e-01	5.778952e+00	
406	9.400000e-01	5.778928e+00	
407	9.300000e-01	5.778904e+00	
408	9.200000e-01	5.778880e+00	
409	9.100000e-01	5.778856e+00	
410	9.000000e-01	5.778832e+00	
411	8.900000e-01	5.778808e+00	
412	8.800000e-01	5.778784e+00	
413	8.700000e-01	5.778759e+00	
414	8.600000e-01	5.778735e+00	
415	8.500000e-01	5.778711e+00	
416	8.400000e-01	5.778687e+00	
417	8.300000e-01	5.778663e+00	
418	8.200000e-01	5.778639e+00	
419	8.100000e-01	5.778615e+00	
420	8.000000e-01	5.778591e+00	
421	7.900000e-01	5.778567e+00	
422	7.800000e-01	5.778543e+00	
423	7.700000e-01	5.778519e+00	
424	7.600000e-01	5.778495e+00	
425	7.500000e-01	5.778470e+00	
426	7.400000e-01	5.778446e+00	
427	7.300000e-01	5.778422e+00	
428	7.200000e-01	5.778398e+00	
429	7.100000e-01	5.778374e+00	
430	7.000000e-01	5.778350e+00	
431	6.900000e-01	5.778326e+00	
432	6.800000e-01	5.778302e+00	
433	6.700000e-01	5.778278e+00	
434	6.600000e-01	5.778254e+00	
435	6.500000e-01	5.778230e+00	
436	6.400000e-01	5.778205e+00	
437	6.300000e-01	5.778181e+00	
438	6.200000e-01	5.778157e+00	
439	6.100000e-01	5.778133e+00	
440	6.000000e-01	5.778109e+00	
441	5.900000e-01	5.778085e+00	
442	5.800000e-01	5.778061e+00	
443	5.700000e-01	5.778037e+00	
444	5.600000e-01	5.778013e+00	
445	5.500000e-01	5.777989e+00	
446	5.400000e-01	5.777965e+00	
447	5.300000e-01	5.777940e+00	
448	5.200000e-01	5.777916e+00	
449	5.100000e-01	5.777892e+00	
450	5.000000e-01	5.777868e+00	
451	4.900000e-01	5.777844e+00	
452	4.800000e-01	5.777820e+00	
453	4.700000e-01	5.777796e+00	
454	4.600000e-01	5.777772e+00	
455	4.500000e-01	5.777748e+00	
456	4.400000e-01	5.777724e+00	
457	4.300000e-01	5.777699e+00	
458	4.200000e-01	5.777675e+00	
459	4.100000e-01	5.777651e+00	
460	4.000000e-01	5.777627e+00	

Index   v-sweep         v(out)          
--------------------------------------------------------------------------------
461	3.900000e-01	5.777603e+00	
462	3.800000e-01	5.777579e+00	
463	3.700000e-01	5.777555e+00	
464	3.600000e-01	5.777531e+00	
465	3.500000e-01	5.777507e+00	
466	3.400000e-01	5.777483e+00	
467	3.300000e-01	5.777459e+00	
468	3.200000e-01	5.777434e+00	
469	3.100000e-01	5.777410e+00	
470	3.000000e-01	5.777386e+00	
471	2.900000e-01	5.777362e+00	
472	2.800000e-01	5.777338e+00	
473	2.700000e-01	5.777314e+00	
474	2.600000e-01	5.777290e+00	
475	2.500000e-01	5.777266e+00	
476	2.400000e-01	5.777242e+00	
477	2.300000e-01	5.777218e+00	
478	2.200000e-01	5.777194e+00	
479	2.100000e-01	5.777169e+00	
480	2.000000e-01	5.777145e+00	
481	1.900000e-01	5.777121e+00	
482	1.800000e-01	5.777097e+00	
483	1.700000e-01	5.777073e+00	
484	1.600000e-01	5.777049e+00	
485	1.500000e-01	5.777025e+00	
486	1.400000e-01	5.777001e+00	
487	1.300000e-01	5.776977e+00	
488	1.200000e-01	5.776953e+00	
489	1.100000e-01	5.776928e+00	
490	1.000000e-01	5.776904e+00	
491	9.000000e-02	5.776880e+00	
492	8.000000e-02	5.776856e+00	
493	7.000000e-02	5.776832e+00	
494	6.000000e-02	5.776808e+00	
495	5.000000e-02	5.776784e+00	
496	4.000000e-02	5.776760e+00	
497	3.000000e-02	5.776736e+00	
498	2.000000e-02	5.776712e+00	
499	1.000000e-02	5.776687e+00	
500	6.230780e-14	5.776663e+00	
501	-1.00000e-02	5.776639e+00	
502	-2.00000e-02	5.776615e+00	
503	-3.00000e-02	5.776591e+00	
504	-4.00000e-02	5.776567e+00	
505	-5.00000e-02	5.776543e+00	
506	-6.00000e-02	5.776519e+00	
507	-7.00000e-02	5.776495e+00	
508	-8.00000e-02	5.776471e+00	
509	-9.00000e-02	5.776446e+00	
510	-1.00000e-01	5.776422e+00	
511	-1.10000e-01	5.776398e+00	
512	-1.20000e-01	5.776374e+00	
513	-1.30000e-01	5.776350e+00	
514	-1.40000e-01	5.776326e+00	
515	-1.50000e-01	5.776302e+00	
516	-1.60000e-01	5.776278e+00	
517	-1.70000e-01	5.776254e+00	
518	-1.80000e-01	5.776230e+00	

Index   v-sweep         v(out)          
--------------------------------------------------------------------------------
519	-1.90000e-01	5.776205e+00	
520	-2.00000e-01	5.776181e+00	
521	-2.10000e-01	5.776157e+00	
522	-2.20000e-01	5.776133e+00	
523	-2.30000e-01	5.776109e+00	
524	-2.40000e-01	5.776085e+00	
525	-2.50000e-01	5.776061e+00	
526	-2.60000e-01	5.776037e+00	
527	-2.70000e-01	5.776013e+00	
528	-2.80000e-01	5.775988e+00	
529	-2.90000e-01	5.775964e+00	
530	-3.00000e-01	5.775940e+00	
531	-3.10000e-01	5.775916e+00	
532	-3.20000e-01	5.775892e+00	
533	-3.30000e-01	5.775868e+00	
534	-3.40000e-01	5.775844e+00	
535	-3.50000e-01	5.775820e+00	
536	-3.60000e-01	5.775796e+00	
537	-3.70000e-01	5.775772e+00	
538	-3.80000e-01	5.775747e+00	
539	-3.90000e-01	5.775723e+00	
540	-4.00000e-01	5.775699e+00	
541	-4.10000e-01	5.775675e+00	
542	-4.20000e-01	5.775651e+00	
543	-4.30000e-01	5.775627e+00	
544	-4.40000e-01	5.775603e+00	
545	-4.50000e-01	5.775579e+00	
546	-4.60000e-01	5.775555e+00	
547	-4.70000e-01	5.775530e+00	
548	-4.80000e-01	5.775506e+00	
549	-4.90000e-01	5.775482e+00	
550	-5.00000e-01	5.775458e+00	
551	-5.10000e-01	5.775434e+00	
552	-5.20000e-01	5.775410e+00	
553	-5.30000e-01	5.775386e+00	
554	-5.40000e-01	5.775362e+00	
555	-5.50000e-01	5.775338e+00	
556	-5.60000e-01	5.775313e+00	
557	-5.70000e-01	5.775289e+00	
558	-5.80000e-01	5.775265e+00	
559	-5.90000e-01	5.775241e+00	
560	-6.00000e-01	5.775217e+00	
561	-6.10000e-01	5.775193e+00	
562	-6.20000e-01	5.775169e+00	
563	-6.30000e-01	5.775145e+00	
564	-6.40000e-01	5.775121e+00	
565	-6.50000e-01	5.775096e+00	
566	-6.60000e-01	5.775072e+00	
567	-6.70000e-01	5.775048e+00	
568	-6.80000e-01	5.775024e+00	
569	-6.90000e-01	5.775000e+00	
570	-7.00000e-01	5.774976e+00	
571	-7.10000e-01	5.774952e+00	
572	-7.20000e-01	5.774928e+00	
573	-7.30000e-01	5.774904e+00	
574	-7.40000e-01	5.774879e+00	
575	-7.50000e-01	5.774855e+00	
576	-7.60000e-01	5.774831e+00	

Index   v-sweep         v(out)          
--------------------------------------------------------------------------------
577	-7.70000e-01	5.774807e+00	
578	-7.80000e-01	5.774783e+00	
579	-7.90000e-01	5.774759e+00	
580	-8.00000e-01	5.774735e+00	
581	-8.10000e-01	5.774711e+00	
582	-8.20000e-01	5.774687e+00	
583	-8.30000e-01	5.774662e+00	
584	-8.40000e-01	5.774638e+00	
585	-8.50000e-01	5.774614e+00	
586	-8.60000e-01	5.774590e+00	
587	-8.70000e-01	5.774566e+00	
588	-8.80000e-01	5.774542e+00	
589	-8.90000e-01	5.774518e+00	
590	-9.00000e-01	5.774494e+00	
591	-9.10000e-01	5.774470e+00	
592	-9.20000e-01	5.774445e+00	
593	-9.30000e-01	5.774421e+00	
594	-9.40000e-01	5.774397e+00	
595	-9.50000e-01	5.774373e+00	
596	-9.60000e-01	5.774349e+00	
597	-9.70000e-01	5.774325e+00	
598	-9.80000e-01	5.774301e+00	
599	-9.90000e-01	5.774277e+00	
600	-1.00000e+00	5.774253e+00	
601	-1.01000e+00	5.774228e+00	
602	-1.02000e+00	5.774204e+00	
603	-1.03000e+00	5.774180e+00	
604	-1.04000e+00	5.774156e+00	
605	-1.05000e+00	5.774132e+00	
606	-1.06000e+00	5.774108e+00	
607	-1.07000e+00	5.774084e+00	
608	-1.08000e+00	5.774060e+00	
609	-1.09000e+00	5.774035e+00	
610	-1.10000e+00	5.774011e+00	
611	-1.11000e+00	5.773987e+00	
612	-1.12000e+00	5.773963e+00	
613	-1.13000e+00	5.773939e+00	
614	-1.14000e+00	5.773915e+00	
615	-1.15000e+00	5.773891e+00	
616	-1.16000e+00	5.773867e+00	
617	-1.17000e+00	5.773843e+00	
618	-1.18000e+00	5.773818e+00	
619	-1.19000e+00	5.773794e+00	
620	-1.20000e+00	5.773770e+00	
621	-1.21000e+00	5.773746e+00	
622	-1.22000e+00	5.773722e+00	
623	-1.23000e+00	5.773698e+00	
624	-1.24000e+00	5.773674e+00	
625	-1.25000e+00	5.773650e+00	
626	-1.26000e+00	5.773625e+00	
627	-1.27000e+00	5.773601e+00	
628	-1.28000e+00	5.773577e+00	
629	-1.29000e+00	5.773553e+00	
630	-1.30000e+00	5.773529e+00	
631	-1.31000e+00	5.773505e+00	
632	-1.32000e+00	5.773481e+00	
633	-1.33000e+00	5.773457e+00	
634	-1.34000e+00	5.773432e+00	

Index   v-sweep         v(out)          
--------------------------------------------------------------------------------
635	-1.35000e+00	5.773408e+00	
636	-1.36000e+00	5.773384e+00	
637	-1.37000e+00	5.773360e+00	
638	-1.38000e+00	5.773336e+00	
639	-1.39000e+00	5.773312e+00	
640	-1.40000e+00	5.773288e+00	
641	-1.41000e+00	5.773264e+00	
642	-1.42000e+00	5.773239e+00	
643	-1.43000e+00	5.773215e+00	
644	-1.44000e+00	5.773191e+00	
645	-1.45000e+00	5.773167e+00	
646	-1.46000e+00	5.773143e+00	
647	-1.47000e+00	5.773119e+00	
648	-1.48000e+00	5.773095e+00	
649	-1.49000e+00	5.773071e+00	
650	-1.50000e+00	5.773047e+00	
651	-1.51000e+00	5.773022e+00	
652	-1.52000e+00	5.772998e+00	
653	-1.53000e+00	5.772974e+00	
654	-1.54000e+00	5.772950e+00	
655	-1.55000e+00	5.772926e+00	
656	-1.56000e+00	5.772902e+00	
657	-1.57000e+00	5.772878e+00	
658	-1.58000e+00	5.772854e+00	
659	-1.59000e+00	5.772829e+00	
660	-1.60000e+00	5.772805e+00	
661	-1.61000e+00	5.772781e+00	
662	-1.62000e+00	5.772757e+00	
663	-1.63000e+00	5.772733e+00	
664	-1.64000e+00	5.772709e+00	
665	-1.65000e+00	5.772685e+00	
666	-1.66000e+00	5.772660e+00	
667	-1.67000e+00	5.772636e+00	
668	-1.68000e+00	5.772612e+00	
669	-1.69000e+00	5.772588e+00	
670	-1.70000e+00	5.772564e+00	
671	-1.71000e+00	5.772540e+00	
672	-1.72000e+00	5.772516e+00	
673	-1.73000e+00	5.772492e+00	
674	-1.74000e+00	5.772467e+00	
675	-1.75000e+00	5.772443e+00	
676	-1.76000e+00	5.772419e+00	
677	-1.77000e+00	5.772395e+00	
678	-1.78000e+00	5.772371e+00	
679	-1.79000e+00	5.772347e+00	
680	-1.80000e+00	5.772323e+00	
681	-1.81000e+00	5.772299e+00	
682	-1.82000e+00	5.772274e+00	
683	-1.83000e+00	5.772250e+00	
684	-1.84000e+00	5.772226e+00	
685	-1.85000e+00	5.772202e+00	
686	-1.86000e+00	5.772178e+00	
687	-1.87000e+00	5.772154e+00	
688	-1.88000e+00	5.772130e+00	
689	-1.89000e+00	5.772106e+00	
690	-1.90000e+00	5.772081e+00	
691	-1.91000e+00	5.772057e+00	
692	-1.92000e+00	5.772033e+00	

Index   v-sweep         v(out)          
--------------------------------------------------------------------------------
693	-1.93000e+00	5.772009e+00	
694	-1.94000e+00	5.771985e+00	
695	-1.95000e+00	5.771961e+00	
696	-1.96000e+00	5.771937e+00	
697	-1.97000e+00	5.771912e+00	
698	-1.98000e+00	5.771888e+00	
699	-1.99000e+00	5.771864e+00	
700	-2.00000e+00	5.771840e+00	
701	-2.01000e+00	5.771816e+00	
702	-2.02000e+00	5.771792e+00	
703	-2.03000e+00	5.771768e+00	
704	-2.04000e+00	5.771744e+00	
705	-2.05000e+00	5.771719e+00	
706	-2.06000e+00	5.771695e+00	
707	-2.07000e+00	5.771671e+00	
708	-2.08000e+00	5.771647e+00	
709	-2.09000e+00	5.771623e+00	
710	-2.10000e+00	5.771599e+00	
711	-2.11000e+00	5.771575e+00	
712	-2.12000e+00	5.771550e+00	
713	-2.13000e+00	5.771526e+00	
714	-2.14000e+00	5.771502e+00	
715	-2.15000e+00	5.771478e+00	
716	-2.16000e+00	5.771454e+00	
717	-2.17000e+00	5.771430e+00	
718	-2.18000e+00	5.771406e+00	
719	-2.19000e+00	5.771382e+00	
720	-2.20000e+00	5.771357e+00	
721	-2.21000e+00	5.771333e+00	
722	-2.22000e+00	5.771309e+00	
723	-2.23000e+00	5.771285e+00	
724	-2.24000e+00	5.771261e+00	
725	-2.25000e+00	5.771237e+00	
726	-2.26000e+00	5.771213e+00	
727	-2.27000e+00	5.771188e+00	
728	-2.28000e+00	5.771164e+00	
729	-2.29000e+00	5.771140e+00	
730	-2.30000e+00	5.771116e+00	
731	-2.31000e+00	5.771092e+00	
732	-2.32000e+00	5.771068e+00	
733	-2.33000e+00	5.771044e+00	
734	-2.34000e+00	5.771020e+00	
735	-2.35000e+00	5.770995e+00	
736	-2.36000e+00	5.770971e+00	
737	-2.37000e+00	5.770947e+00	
738	-2.38000e+00	5.770923e+00	
739	-2.39000e+00	5.770899e+00	
740	-2.40000e+00	5.770875e+00	
741	-2.41000e+00	5.770851e+00	
742	-2.42000e+00	5.770826e+00	
743	-2.43000e+00	5.770802e+00	
744	-2.44000e+00	5.770778e+00	
745	-2.45000e+00	5.770754e+00	
746	-2.46000e+00	5.770730e+00	
747	-2.47000e+00	5.770706e+00	
748	-2.48000e+00	5.770682e+00	
749	-2.49000e+00	5.770657e+00	
750	-2.50000e+00	5.770633e+00	

Index   v-sweep         v(out)          
--------------------------------------------------------------------------------
751	-2.51000e+00	5.770609e+00	
752	-2.52000e+00	5.770585e+00	
753	-2.53000e+00	5.770561e+00	
754	-2.54000e+00	5.770537e+00	
755	-2.55000e+00	5.770513e+00	
756	-2.56000e+00	5.770488e+00	
757	-2.57000e+00	5.770464e+00	
758	-2.58000e+00	5.770440e+00	
759	-2.59000e+00	5.770416e+00	
760	-2.60000e+00	5.770392e+00	
761	-2.61000e+00	5.770368e+00	
762	-2.62000e+00	5.770344e+00	
763	-2.63000e+00	5.770319e+00	
764	-2.64000e+00	5.770295e+00	
765	-2.65000e+00	5.770271e+00	
766	-2.66000e+00	5.770247e+00	
767	-2.67000e+00	5.770223e+00	
768	-2.68000e+00	5.770199e+00	
769	-2.69000e+00	5.770175e+00	
770	-2.70000e+00	5.770150e+00	
771	-2.71000e+00	5.770126e+00	
772	-2.72000e+00	5.770102e+00	
773	-2.73000e+00	5.770078e+00	
774	-2.74000e+00	5.770054e+00	
775	-2.75000e+00	5.770029e+00	
776	-2.76000e+00	5.770005e+00	
777	-2.77000e+00	5.769981e+00	
778	-2.78000e+00	5.769957e+00	
779	-2.79000e+00	5.769932e+00	
780	-2.80000e+00	5.769908e+00	
781	-2.81000e+00	5.769883e+00	
782	-2.82000e+00	5.769859e+00	
783	-2.83000e+00	5.769834e+00	
784	-2.84000e+00	5.769809e+00	
785	-2.85000e+00	5.769784e+00	
786	-2.86000e+00	5.769759e+00	
787	-2.87000e+00	5.769733e+00	
788	-2.88000e+00	5.769707e+00	
789	-2.89000e+00	5.769680e+00	
790	-2.90000e+00	5.769652e+00	
791	-2.91000e+00	5.769624e+00	
792	-2.92000e+00	5.769595e+00	
793	-2.93000e+00	5.769564e+00	
794	-2.94000e+00	5.769531e+00	
795	-2.95000e+00	5.769495e+00	
796	-2.96000e+00	5.769457e+00	
797	-2.97000e+00	5.769416e+00	
798	-2.98000e+00	5.769369e+00	
799	-2.99000e+00	5.769318e+00	
800	-3.00000e+00	5.769260e+00	
801	-3.01000e+00	5.769194e+00	
802	-3.02000e+00	5.769119e+00	
803	-3.03000e+00	5.769033e+00	
804	-3.04000e+00	5.768934e+00	
805	-3.05000e+00	5.768820e+00	
806	-3.06000e+00	5.768688e+00	
807	-3.07000e+00	5.768535e+00	
808	-3.08000e+00	5.768355e+00	

Index   v-sweep         v(out)          
--------------------------------------------------------------------------------
809	-3.09000e+00	5.768143e+00	
810	-3.10000e+00	5.767888e+00	
811	-3.11000e+00	5.767572e+00	
812	-3.12000e+00	5.767163e+00	
813	-3.13000e+00	5.766594e+00	
814	-3.14000e+00	5.765602e+00	
815	-3.15000e+00	-5.78422e+00	
816	-3.16000e+00	-5.78441e+00	
817	-3.17000e+00	-5.78431e+00	
818	-3.18000e+00	-5.78430e+00	
819	-3.19000e+00	-5.78432e+00	
820	-3.20000e+00	-5.78434e+00	
821	-3.21000e+00	-5.78437e+00	
822	-3.22000e+00	-5.78439e+00	
823	-3.23000e+00	-5.78441e+00	
824	-3.24000e+00	-5.78444e+00	
825	-3.25000e+00	-5.78446e+00	
826	-3.26000e+00	-5.78449e+00	
827	-3.27000e+00	-5.78451e+00	
828	-3.28000e+00	-5.78453e+00	
829	-3.29000e+00	-5.78456e+00	
830	-3.30000e+00	-5.78458e+00	
831	-3.31000e+00	-5.78461e+00	
832	-3.32000e+00	-5.78463e+00	
833	-3.33000e+00	-5.78465e+00	
834	-3.34000e+00	-5.78468e+00	
835	-3.35000e+00	-5.78470e+00	
836	-3.36000e+00	-5.78473e+00	
837	-3.37000e+00	-5.78475e+00	
838	-3.38000e+00	-5.78477e+00	
839	-3.39000e+00	-5.78480e+00	
840	-3.40000e+00	-5.78482e+00	
841	-3.41000e+00	-5.78485e+00	
842	-3.42000e+00	-5.78487e+00	
843	-3.43000e+00	-5.78489e+00	
844	-3.44000e+00	-5.78492e+00	
845	-3.45000e+00	-5.78494e+00	
846	-3.46000e+00	-5.78497e+00	
847	-3.47000e+00	-5.78499e+00	
848	-3.48000e+00	-5.78501e+00	
849	-3.49000e+00	-5.78504e+00	
850	-3.50000e+00	-5.78506e+00	
851	-3.51000e+00	-5.78509e+00	
852	-3.52000e+00	-5.78511e+00	
853	-3.53000e+00	-5.78513e+00	
854	-3.54000e+00	-5.78516e+00	
855	-3.55000e+00	-5.78518e+00	
856	-3.56000e+00	-5.78521e+00	
857	-3.57000e+00	-5.78523e+00	
858	-3.58000e+00	-5.78525e+00	
859	-3.59000e+00	-5.78528e+00	
860	-3.60000e+00	-5.78530e+00	
861	-3.61000e+00	-5.78533e+00	
862	-3.62000e+00	-5.78535e+00	
863	-3.63000e+00	-5.78537e+00	
864	-3.64000e+00	-5.78540e+00	
865	-3.65000e+00	-5.78542e+00	
866	-3.66000e+00	-5.78545e+00	

Index   v-sweep         v(out)          
--------------------------------------------------------------------------------
867	-3.67000e+00	-5.78547e+00	
868	-3.68000e+00	-5.78549e+00	
869	-3.69000e+00	-5.78552e+00	
870	-3.70000e+00	-5.78554e+00	
871	-3.71000e+00	-5.78557e+00	
872	-3.72000e+00	-5.78559e+00	
873	-3.73000e+00	-5.78561e+00	
874	-3.74000e+00	-5.78564e+00	
875	-3.75000e+00	-5.78566e+00	
876	-3.76000e+00	-5.78569e+00	
877	-3.77000e+00	-5.78571e+00	
878	-3.78000e+00	-5.78573e+00	
879	-3.79000e+00	-5.78576e+00	
880	-3.80000e+00	-5.78578e+00	
881	-3.81000e+00	-5.78581e+00	
882	-3.82000e+00	-5.78583e+00	
883	-3.83000e+00	-5.78585e+00	
884	-3.84000e+00	-5.78588e+00	
885	-3.85000e+00	-5.78590e+00	
886	-3.86000e+00	-5.78593e+00	
887	-3.87000e+00	-5.78595e+00	
888	-3.88000e+00	-5.78597e+00	
889	-3.89000e+00	-5.78600e+00	
890	-3.90000e+00	-5.78602e+00	
891	-3.91000e+00	-5.78605e+00	
892	-3.92000e+00	-5.78607e+00	
893	-3.93000e+00	-5.78609e+00	
894	-3.94000e+00	-5.78612e+00	
895	-3.95000e+00	-5.78614e+00	
896	-3.96000e+00	-5.78617e+00	
897	-3.97000e+00	-5.78619e+00	
898	-3.98000e+00	-5.78621e+00	
899	-3.99000e+00	-5.78624e+00	
900	-4.00000e+00	-5.78626e+00	
901	-4.01000e+00	-5.78629e+00	
902	-4.02000e+00	-5.78631e+00	
903	-4.03000e+00	-5.78633e+00	
904	-4.04000e+00	-5.78636e+00	
905	-4.05000e+00	-5.78638e+00	
906	-4.06000e+00	-5.78641e+00	
907	-4.07000e+00	-5.78643e+00	
908	-4.08000e+00	-5.78645e+00	
909	-4.09000e+00	-5.78648e+00	
910	-4.10000e+00	-5.78650e+00	
911	-4.11000e+00	-5.78653e+00	
912	-4.12000e+00	-5.78655e+00	
913	-4.13000e+00	-5.78657e+00	
914	-4.14000e+00	-5.78660e+00	
915	-4.15000e+00	-5.78662e+00	
916	-4.16000e+00	-5.78665e+00	
917	-4.17000e+00	-5.78667e+00	
918	-4.18000e+00	-5.78669e+00	
919	-4.19000e+00	-5.78672e+00	
920	-4.20000e+00	-5.78674e+00	
921	-4.21000e+00	-5.78677e+00	
922	-4.22000e+00	-5.78679e+00	
923	-4.23000e+00	-5.78681e+00	
924	-4.24000e+00	-5.78684e+00	

Index   v-sweep         v(out)          
--------------------------------------------------------------------------------
925	-4.25000e+00	-5.78686e+00	
926	-4.26000e+00	-5.78689e+00	
927	-4.27000e+00	-5.78691e+00	
928	-4.28000e+00	-5.78693e+00	
929	-4.29000e+00	-5.78696e+00	
930	-4.30000e+00	-5.78698e+00	
931	-4.31000e+00	-5.78701e+00	
932	-4.32000e+00	-5.78703e+00	
933	-4.33000e+00	-5.78705e+00	
934	-4.34000e+00	-5.78708e+00	
935	-4.35000e+00	-5.78710e+00	
936	-4.36000e+00	-5.78713e+00	
937	-4.37000e+00	-5.78715e+00	
938	-4.38000e+00	-5.78717e+00	
939	-4.39000e+00	-5.78720e+00	
940	-4.40000e+00	-5.78722e+00	
941	-4.41000e+00	-5.78725e+00	
942	-4.42000e+00	-5.78727e+00	
943	-4.43000e+00	-5.78729e+00	
944	-4.44000e+00	-5.78732e+00	
945	-4.45000e+00	-5.78734e+00	
946	-4.46000e+00	-5.78737e+00	
947	-4.47000e+00	-5.78739e+00	
948	-4.48000e+00	-5.78741e+00	
949	-4.49000e+00	-5.78744e+00	
950	-4.50000e+00	-5.78746e+00	
951	-4.51000e+00	-5.78749e+00	
952	-4.52000e+00	-5.78751e+00	
953	-4.53000e+00	-5.78753e+00	
954	-4.54000e+00	-5.78756e+00	
955	-4.55000e+00	-5.78758e+00	
956	-4.56000e+00	-5.78761e+00	
957	-4.57000e+00	-5.78763e+00	
958	-4.58000e+00	-5.78765e+00	
959	-4.59000e+00	-5.78768e+00	
960	-4.60000e+00	-5.78770e+00	
961	-4.61000e+00	-5.78773e+00	
962	-4.62000e+00	-5.78775e+00	
963	-4.63000e+00	-5.78777e+00	
964	-4.64000e+00	-5.78780e+00	
965	-4.65000e+00	-5.78782e+00	
966	-4.66000e+00	-5.78785e+00	
967	-4.67000e+00	-5.78787e+00	
968	-4.68000e+00	-5.78789e+00	
969	-4.69000e+00	-5.78792e+00	
970	-4.70000e+00	-5.78794e+00	
971	-4.71000e+00	-5.78797e+00	
972	-4.72000e+00	-5.78799e+00	
973	-4.73000e+00	-5.78801e+00	
974	-4.74000e+00	-5.78804e+00	
975	-4.75000e+00	-5.78806e+00	
976	-4.76000e+00	-5.78809e+00	
977	-4.77000e+00	-5.78811e+00	
978	-4.78000e+00	-5.78813e+00	
979	-4.79000e+00	-5.78816e+00	
980	-4.80000e+00	-5.78818e+00	
981	-4.81000e+00	-5.78821e+00	
982	-4.82000e+00	-5.78823e+00	

Index   v-sweep         v(out)          
--------------------------------------------------------------------------------
983	-4.83000e+00	-5.78825e+00	
984	-4.84000e+00	-5.78828e+00	
985	-4.85000e+00	-5.78830e+00	
986	-4.86000e+00	-5.78833e+00	
987	-4.87000e+00	-5.78835e+00	
988	-4.88000e+00	-5.78837e+00	
989	-4.89000e+00	-5.78840e+00	
990	-4.90000e+00	-5.78842e+00	
991	-4.91000e+00	-5.78845e+00	
992	-4.92000e+00	-5.78847e+00	
993	-4.93000e+00	-5.78849e+00	
994	-4.94000e+00	-5.78852e+00	
995	-4.95000e+00	-5.78854e+00	
996	-4.96000e+00	-5.78857e+00	
997	-4.97000e+00	-5.78859e+00	
998	-4.98000e+00	-5.78861e+00	
999	-4.99000e+00	-5.78864e+00	
1000	-5.00000e+00	-5.78866e+00	
