
Circuit: inverting amplifier with opamp

                         inverting amplifier with opamp
                         AC Analysis  Tue Jan 25 19:56:01  2022
--------------------------------------------------------------------------------
Index   frequency       vdb(4) - vdb(5) 
--------------------------------------------------------------------------------
0	1.000000e-02	1.999951e+01	
1	1.258925e-02	1.999951e+01	
2	1.584893e-02	1.999951e+01	
3	1.995262e-02	1.999951e+01	
4	2.511886e-02	1.999951e+01	
5	3.162278e-02	1.999951e+01	
6	3.981072e-02	1.999951e+01	
7	5.011872e-02	1.999951e+01	
8	6.309573e-02	1.999951e+01	
9	7.943282e-02	1.999951e+01	
10	1.000000e-01	1.999951e+01	
11	1.258925e-01	1.999951e+01	
12	1.584893e-01	1.999951e+01	
13	1.995262e-01	1.999951e+01	
14	2.511886e-01	1.999951e+01	
15	3.162278e-01	1.999951e+01	
16	3.981072e-01	1.999951e+01	
17	5.011872e-01	1.999951e+01	
18	6.309573e-01	1.999951e+01	
19	7.943282e-01	1.999951e+01	
20	1.000000e+00	1.999951e+01	
21	1.258925e+00	1.999951e+01	
22	1.584893e+00	1.999951e+01	
23	1.995262e+00	1.999951e+01	
24	2.511886e+00	1.999951e+01	
25	3.162278e+00	1.999951e+01	
26	3.981072e+00	1.999951e+01	
27	5.011872e+00	1.999951e+01	
28	6.309573e+00	1.999951e+01	
29	7.943282e+00	1.999951e+01	
30	1.000000e+01	1.999951e+01	
31	1.258925e+01	1.999951e+01	
32	1.584893e+01	1.999951e+01	
33	1.995262e+01	1.999951e+01	
34	2.511886e+01	1.999951e+01	
35	3.162278e+01	1.999951e+01	
36	3.981072e+01	1.999951e+01	
37	5.011872e+01	1.999951e+01	
38	6.309573e+01	1.999951e+01	
39	7.943282e+01	1.999951e+01	
40	1.000000e+02	1.999951e+01	
41	1.258925e+02	1.999951e+01	
42	1.584893e+02	1.999950e+01	
43	1.995262e+02	1.999949e+01	
44	2.511886e+02	1.999948e+01	
45	3.162278e+02	1.999946e+01	
46	3.981072e+02	1.999944e+01	
47	5.011872e+02	1.999939e+01	
48	6.309573e+02	1.999932e+01	
49	7.943282e+02	1.999921e+01	
50	1.000000e+03	1.999904e+01	
51	1.258925e+03	1.999876e+01	
52	1.584893e+03	1.999831e+01	
53	1.995262e+03	1.999761e+01	
54	2.511886e+03	1.999650e+01	

Index   frequency       vdb(4) - vdb(5) 
--------------------------------------------------------------------------------
55	3.162278e+03	1.999474e+01	
56	3.981072e+03	1.999195e+01	
57	5.011872e+03	1.998753e+01	
58	6.309573e+03	1.998054e+01	
59	7.943282e+03	1.996948e+01	
60	1.000000e+04	1.995201e+01	
61	1.258925e+04	1.992446e+01	
62	1.584893e+04	1.988116e+01	
63	1.995262e+04	1.981339e+01	
64	2.511886e+04	1.970809e+01	
65	3.162278e+04	1.954622e+01	
66	3.981072e+04	1.930135e+01	
67	5.011872e+04	1.893930e+01	
68	6.309573e+04	1.842054e+01	
69	7.943282e+04	1.770653e+01	
70	1.000000e+05	1.676950e+01	
71	1.258925e+05	1.560127e+01	
72	1.584893e+05	1.421555e+01	
73	1.995262e+05	1.264189e+01	
74	2.511886e+05	1.091502e+01	
75	3.162278e+05	9.065219e+00	
76	3.981072e+05	7.112313e+00	
77	5.011872e+05	5.063114e+00	
78	6.309573e+05	2.910813e+00	
79	7.943282e+05	6.358348e-01	
80	1.000000e+06	-1.79118e+00	
81	1.258925e+06	-4.40290e+00	
82	1.584893e+06	-7.22500e+00	
83	1.995262e+06	-1.02650e+01	
84	2.511886e+06	-1.35058e+01	
85	3.162278e+06	-1.69066e+01	
86	3.981072e+06	-2.04104e+01	
87	5.011872e+06	-2.39507e+01	
88	6.309573e+06	-2.74543e+01	
89	7.943282e+06	-3.08409e+01	
90	1.000000e+07	-3.40225e+01	
