
Circuit: inverting amplifier with opamp

                         inverting amplifier with opamp
                         AC Analysis  Tue Jan 25 19:59:37  2022
--------------------------------------------------------------------------------
Index   frequency       vdb(5) - vdb(1) 
--------------------------------------------------------------------------------
0	1.000000e-02	4.008174e+01	
1	1.258925e-02	4.008174e+01	
2	1.584893e-02	4.008174e+01	
3	1.995262e-02	4.008174e+01	
4	2.511886e-02	4.008174e+01	
5	3.162278e-02	4.008174e+01	
6	3.981072e-02	4.008174e+01	
7	5.011872e-02	4.008174e+01	
8	6.309573e-02	4.008174e+01	
9	7.943282e-02	4.008174e+01	
10	1.000000e-01	4.008174e+01	
11	1.258925e-01	4.008174e+01	
12	1.584893e-01	4.008174e+01	
13	1.995262e-01	4.008174e+01	
14	2.511886e-01	4.008174e+01	
15	3.162278e-01	4.008174e+01	
16	3.981072e-01	4.008174e+01	
17	5.011872e-01	4.008174e+01	
18	6.309573e-01	4.008174e+01	
19	7.943282e-01	4.008174e+01	
20	1.000000e+00	4.008174e+01	
21	1.258925e+00	4.008174e+01	
22	1.584893e+00	4.008174e+01	
23	1.995262e+00	4.008174e+01	
24	2.511886e+00	4.008174e+01	
25	3.162278e+00	4.008174e+01	
26	3.981072e+00	4.008174e+01	
27	5.011872e+00	4.008174e+01	
28	6.309573e+00	4.008174e+01	
29	7.943282e+00	4.008174e+01	
30	1.000000e+01	4.008174e+01	
31	1.258925e+01	4.008174e+01	
32	1.584893e+01	4.008173e+01	
33	1.995262e+01	4.008173e+01	
34	2.511886e+01	4.008172e+01	
35	3.162278e+01	4.008170e+01	
36	3.981072e+01	4.008168e+01	
37	5.011872e+01	4.008163e+01	
38	6.309573e+01	4.008157e+01	
39	7.943282e+01	4.008147e+01	
40	1.000000e+02	4.008130e+01	
41	1.258925e+02	4.008105e+01	
42	1.584893e+02	4.008064e+01	
43	1.995262e+02	4.007999e+01	
44	2.511886e+02	4.007897e+01	
45	3.162278e+02	4.007735e+01	
46	3.981072e+02	4.007477e+01	
47	5.011872e+02	4.007070e+01	
48	6.309573e+02	4.006426e+01	
49	7.943282e+02	4.005406e+01	
50	1.000000e+03	4.003795e+01	
51	1.258925e+03	4.001253e+01	
52	1.584893e+03	3.997255e+01	
53	1.995262e+03	3.990994e+01	
54	2.511886e+03	3.981251e+01	

Index   frequency       vdb(5) - vdb(1) 
--------------------------------------------------------------------------------
55	3.162278e+03	3.966244e+01	
56	3.981072e+03	3.943474e+01	
57	5.011872e+03	3.909665e+01	
58	6.309573e+03	3.860951e+01	
59	7.943282e+03	3.793446e+01	
60	1.000000e+04	3.704189e+01	
61	1.258925e+04	3.592105e+01	
62	1.584893e+04	3.458397e+01	
63	1.995262e+04	3.306102e+01	
64	2.511886e+04	3.139126e+01	
65	3.162278e+04	2.961304e+01	
66	3.981072e+04	2.775854e+01	
67	5.011872e+04	2.585214e+01	
68	6.309573e+04	2.391099e+01	
69	7.943282e+04	2.194652e+01	
70	1.000000e+05	1.996587e+01	
71	1.258925e+05	1.797303e+01	
72	1.584893e+05	1.596947e+01	
73	1.995262e+05	1.395446e+01	
74	2.511886e+05	1.192491e+01	
75	3.162278e+05	9.874808e+00	
76	3.981072e+05	7.794302e+00	
77	5.011872e+05	5.668299e+00	
78	6.309573e+05	3.474959e+00	
79	7.943282e+05	1.184649e+00	
80	1.000000e+06	-1.23935e+00	
81	1.258925e+06	-3.83672e+00	
82	1.584893e+06	-6.64188e+00	
83	1.995262e+06	-9.67381e+00	
84	2.511886e+06	-1.29293e+01	
85	3.162278e+06	-1.63840e+01	
86	3.981072e+06	-2.00010e+01	
87	5.011872e+06	-2.37408e+01	
88	6.309573e+06	-2.75682e+01	
89	7.943282e+06	-3.14557e+01	
90	1.000000e+07	-3.53832e+01	
