
Circuit: dc power supply with a bjt series regulator

                  dc power supply with a bjt series regulator
                  DC transfer characteristic  Thu Jan 20 15:33:54  2022
--------------------------------------------------------------------------------
Index   v-sweep         v(3)            
--------------------------------------------------------------------------------
0	1.500000e+01	1.118275e+01	
1	1.550000e+01	1.126932e+01	
2	1.600000e+01	1.135292e+01	
3	1.650000e+01	1.143623e+01	
4	1.700000e+01	1.151880e+01	
5	1.750000e+01	1.160077e+01	
6	1.800000e+01	1.168228e+01	
7	1.850000e+01	1.176343e+01	
8	1.900000e+01	1.184433e+01	
9	1.950000e+01	1.192503e+01	
10	2.000000e+01	1.200561e+01	
11	2.050000e+01	1.208611e+01	
12	2.100000e+01	1.216656e+01	
13	2.150000e+01	1.224701e+01	
14	2.200000e+01	1.232749e+01	
15	2.250000e+01	1.240801e+01	
16	2.300000e+01	1.248860e+01	
17	2.350000e+01	1.256928e+01	
18	2.400000e+01	1.265007e+01	
19	2.450000e+01	1.273097e+01	
20	2.500000e+01	1.281201e+01	
