
Circuit: dc power supply with zener diode regulator

                   dc power supply with zener diode regulator
                   DC transfer characteristic  Thu Jan 20 15:57:36  2022
--------------------------------------------------------------------------------
Index   res-sweep       v(3)            i(vx1)          i(vr1)          
--------------------------------------------------------------------------------
0	1.000000e+00	4.246285e-02	1.059697e-11	4.246285e-02	
1	5.100000e+01	1.957774e+00	2.061100e-11	3.838772e-02	
2	1.010000e+02	3.537653e+00	2.376980e-11	3.502627e-02	
3	1.510000e+02	4.863124e+00	2.642075e-11	3.220612e-02	
4	2.010000e+02	5.991058e+00	2.867662e-11	2.980626e-02	
5	2.510000e+02	6.962552e+00	3.061961e-11	2.773925e-02	
6	3.010000e+02	7.808041e+00	3.231059e-11	2.594034e-02	
7	3.510000e+02	8.550548e+00	3.379560e-11	2.436054e-02	
8	4.010000e+02	9.207807e+00	3.511012e-11	2.296211e-02	
9	4.510000e+02	9.793702e+00	3.628191e-11	2.171553e-02	
10	5.010000e+02	1.031926e+01	3.733303e-11	2.059732e-02	
11	5.510000e+02	1.079334e+01	3.827937e-11	1.958864e-02	
12	6.010000e+02	1.122316e+01	9.586717e-11	1.867414e-02	
13	6.510000e+02	1.161455e+01	2.928275e-07	1.784138e-02	
14	7.010000e+02	1.191985e+01	1.877386e-04	1.719181e-02	
15	7.510000e+02	1.203084e+01	9.359082e-04	1.695567e-02	
16	8.010000e+02	1.209727e+01	1.711625e-03	1.681433e-02	
17	8.510000e+02	1.214904e+01	2.427978e-03	1.670417e-02	
18	9.010000e+02	1.219271e+01	3.078835e-03	1.661125e-02	
19	9.510000e+02	1.223022e+01	3.671064e-03	1.653144e-02	

                   dc power supply with zener diode regulator
                   DC transfer characteristic  Thu Jan 20 15:57:36  2022
--------------------------------------------------------------------------------
Index   res-sweep       i(vr2)          
--------------------------------------------------------------------------------
0	1.000000e+00	4.246285e-02	
1	5.100000e+01	3.838772e-02	
2	1.010000e+02	3.502627e-02	
3	1.510000e+02	3.220612e-02	
4	2.010000e+02	2.980626e-02	
5	2.510000e+02	2.773925e-02	
6	3.010000e+02	2.594034e-02	
7	3.510000e+02	2.436054e-02	
8	4.010000e+02	2.296211e-02	
9	4.510000e+02	2.171553e-02	
10	5.010000e+02	2.059732e-02	
11	5.510000e+02	1.958864e-02	
12	6.010000e+02	1.867414e-02	
13	6.510000e+02	1.784109e-02	
14	7.010000e+02	1.700407e-02	
15	7.510000e+02	1.601976e-02	
16	8.010000e+02	1.510270e-02	
17	8.510000e+02	1.427619e-02	
18	9.010000e+02	1.353242e-02	
19	9.510000e+02	1.286038e-02	
