
Circuit: dc power supply with zener diode regulator

                   dc power supply with zener diode regulator
                   DC transfer characteristic  Thu Jan 20 15:29:13  2022
--------------------------------------------------------------------------------
Index   v-sweep         v(3)            i(vx1)          i(vr1)          
--------------------------------------------------------------------------------
0	1.500000e+01	1.020408e+01	3.710268e-11	1.020408e-02	
1	1.550000e+01	1.054422e+01	3.778295e-11	1.054422e-02	
2	1.600000e+01	1.088435e+01	3.849787e-11	1.088435e-02	
3	1.650000e+01	1.122449e+01	9.754691e-11	1.122449e-02	
4	1.700000e+01	1.156459e+01	9.838411e-08	1.156469e-02	
5	1.750000e+01	1.187787e+01	8.409802e-05	1.196197e-02	
6	1.800000e+01	1.200973e+01	7.355326e-04	1.274526e-02	
7	1.850000e+01	1.208601e+01	1.560762e-03	1.364678e-02	
8	1.900000e+01	1.214904e+01	2.427471e-03	1.457651e-02	
9	1.950000e+01	1.220753e+01	3.308364e-03	1.551589e-02	
10	2.000000e+01	1.226282e+01	4.199255e-03	1.646208e-02	
11	2.050000e+01	1.231638e+01	5.095567e-03	1.741195e-02	
12	2.100000e+01	1.236880e+01	5.995462e-03	1.836426e-02	
13	2.150000e+01	1.242034e+01	6.898083e-03	1.931842e-02	
14	2.200000e+01	1.247121e+01	7.802798e-03	2.027401e-02	
15	2.250000e+01	1.252156e+01	8.709161e-03	2.123072e-02	
16	2.300000e+01	1.257148e+01	9.616852e-03	2.218833e-02	
17	2.350000e+01	1.262105e+01	1.052564e-02	2.314669e-02	
18	2.400000e+01	1.267033e+01	1.143534e-02	2.410567e-02	
19	2.450000e+01	1.271937e+01	1.234582e-02	2.506518e-02	
20	2.500000e+01	1.276818e+01	1.325696e-02	2.602514e-02	

                   dc power supply with zener diode regulator
                   DC transfer characteristic  Thu Jan 20 15:29:13  2022
--------------------------------------------------------------------------------
Index   v-sweep         i(vr2)          
--------------------------------------------------------------------------------
0	1.500000e+01	1.020408e-02	
1	1.550000e+01	1.054422e-02	
2	1.600000e+01	1.088435e-02	
3	1.650000e+01	1.122449e-02	
4	1.700000e+01	1.156459e-02	
5	1.750000e+01	1.187787e-02	
6	1.800000e+01	1.200973e-02	
7	1.850000e+01	1.208601e-02	
8	1.900000e+01	1.214904e-02	
9	1.950000e+01	1.220753e-02	
10	2.000000e+01	1.226282e-02	
11	2.050000e+01	1.231638e-02	
12	2.100000e+01	1.236880e-02	
13	2.150000e+01	1.242034e-02	
14	2.200000e+01	1.247121e-02	
15	2.250000e+01	1.252156e-02	
16	2.300000e+01	1.257148e-02	
17	2.350000e+01	1.262105e-02	
18	2.400000e+01	1.267033e-02	
19	2.450000e+01	1.271937e-02	
20	2.500000e+01	1.276818e-02	
