
Circuit: lab 8 simulation of logarithmic amplifier

                   lab 8 simulation of logarithmic amplifier
                   DC transfer characteristic  Thu Mar 17 15:42:55  2022
--------------------------------------------------------------------------------
Index   v-sweep         v(20)           
--------------------------------------------------------------------------------
0	6.000000e-03	-5.52121e+00	
1	1.060000e-01	-2.43910e+00	
2	2.060000e-01	-1.72210e+00	
3	3.060000e-01	-1.29361e+00	
4	4.060000e-01	-9.86167e-01	
5	5.060000e-01	-7.46444e-01	
6	6.060000e-01	-5.49580e-01	
7	7.060000e-01	-3.82486e-01	
8	8.060000e-01	-2.37276e-01	
9	9.060000e-01	-1.08830e-01	
10	1.006000e+00	6.347713e-03	
11	1.106000e+00	1.107923e-01	
12	1.206000e+00	2.063359e-01	
13	1.306000e+00	2.945926e-01	
14	1.406000e+00	3.762585e-01	
15	1.506000e+00	4.524075e-01	
16	1.606000e+00	5.237665e-01	
17	1.706000e+00	5.909074e-01	
18	1.806000e+00	6.543073e-01	
19	1.906000e+00	7.143674e-01	
20	2.006000e+00	7.714273e-01	
21	2.106000e+00	8.257775e-01	
22	2.206000e+00	8.776678e-01	
23	2.306000e+00	9.273151e-01	
24	2.406000e+00	9.749087e-01	
25	2.506000e+00	1.020615e+00	
26	2.606000e+00	1.064580e+00	
27	2.706000e+00	1.106935e+00	
28	2.806000e+00	1.147796e+00	
29	2.906000e+00	1.187266e+00	
30	3.006000e+00	1.225440e+00	
31	3.106000e+00	1.262400e+00	
32	3.206000e+00	1.298225e+00	
33	3.306000e+00	1.332982e+00	
34	3.406000e+00	1.366735e+00	
35	3.506000e+00	1.399542e+00	
36	3.606000e+00	1.431456e+00	
37	3.706000e+00	1.462524e+00	
38	3.806000e+00	1.492793e+00	
39	3.906000e+00	1.522302e+00	
40	4.006000e+00	1.551090e+00	
41	4.106000e+00	1.579192e+00	
42	4.206000e+00	1.606641e+00	
43	4.306000e+00	1.633467e+00	
44	4.406000e+00	1.659699e+00	
45	4.506000e+00	1.685364e+00	
46	4.606000e+00	1.710484e+00	
47	4.706000e+00	1.735085e+00	
48	4.806000e+00	1.759188e+00	
49	4.906000e+00	1.782812e+00	
50	5.006000e+00	1.805977e+00	
51	5.106000e+00	1.828702e+00	
52	5.206000e+00	1.851002e+00	
53	5.306000e+00	1.872894e+00	
54	5.406000e+00	1.894393e+00	

Index   v-sweep         v(20)           
--------------------------------------------------------------------------------
55	5.506000e+00	1.915514e+00	
56	5.606000e+00	1.936269e+00	
57	5.706000e+00	1.956671e+00	
58	5.806000e+00	1.976734e+00	
59	5.906000e+00	1.996467e+00	
60	6.006000e+00	2.015883e+00	
61	6.106000e+00	2.034991e+00	
62	6.206000e+00	2.053801e+00	
63	6.306000e+00	2.072323e+00	
64	6.406000e+00	2.090566e+00	
65	6.506000e+00	2.108538e+00	
66	6.606000e+00	2.126248e+00	
67	6.706000e+00	2.143702e+00	
68	6.806000e+00	2.160910e+00	
69	6.906000e+00	2.177877e+00	
70	7.006000e+00	2.194611e+00	
71	7.106000e+00	2.211118e+00	
72	7.206000e+00	2.227404e+00	
73	7.306000e+00	2.243476e+00	
74	7.406000e+00	2.259339e+00	
75	7.506000e+00	2.274999e+00	
76	7.606000e+00	2.290460e+00	
77	7.706000e+00	2.305729e+00	
78	7.806000e+00	2.320810e+00	
79	7.906000e+00	2.335708e+00	
80	8.006000e+00	2.350427e+00	
81	8.106000e+00	2.364972e+00	
82	8.206000e+00	2.379346e+00	
83	8.306000e+00	2.393555e+00	
84	8.406000e+00	2.407601e+00	
85	8.506000e+00	2.421489e+00	
86	8.606000e+00	2.435223e+00	
87	8.706000e+00	2.448805e+00	
88	8.806000e+00	2.462240e+00	
89	8.906000e+00	2.475530e+00	
90	9.006000e+00	2.488678e+00	
91	9.106000e+00	2.501689e+00	
92	9.206000e+00	2.514564e+00	
93	9.306000e+00	2.527307e+00	
94	9.406000e+00	2.539921e+00	
95	9.506000e+00	2.552407e+00	
96	9.606000e+00	2.564769e+00	
97	9.706000e+00	2.577010e+00	
98	9.806000e+00	2.589131e+00	
99	9.906000e+00	2.601135e+00	
