
Circuit: midsem q1b

                                   midsem q1b
                                   DC transfer characteristic  Thu Feb 17 14:36:58  2022
--------------------------------------------------------------------------------
Index   v-sweep         v(8)            
--------------------------------------------------------------------------------
0	1.000000e+01	-5.16643e+00	
1	9.990000e+00	-5.16643e+00	
2	9.980000e+00	-5.16643e+00	
3	9.970000e+00	-5.16643e+00	
4	9.960000e+00	-5.16643e+00	
5	9.950000e+00	-5.16643e+00	
6	9.940000e+00	-5.16643e+00	
7	9.930000e+00	-5.16643e+00	
8	9.920000e+00	-5.16643e+00	
9	9.910000e+00	-5.16643e+00	
10	9.900000e+00	-5.16643e+00	
11	9.890000e+00	-5.16643e+00	
12	9.880000e+00	-5.16643e+00	
13	9.870000e+00	-5.16643e+00	
14	9.860000e+00	-5.16643e+00	
15	9.850000e+00	-5.16643e+00	
16	9.840000e+00	-5.16643e+00	
17	9.830000e+00	-5.16643e+00	
18	9.820000e+00	-5.16643e+00	
19	9.810000e+00	-5.16643e+00	
20	9.800000e+00	-5.16643e+00	
21	9.790000e+00	-5.16643e+00	
22	9.780000e+00	-5.16643e+00	
23	9.770000e+00	-5.16643e+00	
24	9.760000e+00	-5.16643e+00	
25	9.750000e+00	-5.16643e+00	
26	9.740000e+00	-5.16643e+00	
27	9.730000e+00	-5.16643e+00	
28	9.720000e+00	-5.16643e+00	
29	9.710000e+00	-5.16643e+00	
30	9.700000e+00	-5.16643e+00	
31	9.690000e+00	-5.16643e+00	
32	9.680000e+00	-5.16643e+00	
33	9.670000e+00	-5.16643e+00	
34	9.660000e+00	-5.16643e+00	
35	9.650000e+00	-5.16643e+00	
36	9.640000e+00	-5.16643e+00	
37	9.630000e+00	-5.16643e+00	
38	9.620000e+00	-5.16643e+00	
39	9.610000e+00	-5.16643e+00	
40	9.600000e+00	-5.16643e+00	
41	9.590000e+00	-5.16643e+00	
42	9.580000e+00	-5.16643e+00	
43	9.570000e+00	-5.16643e+00	
44	9.560000e+00	-5.16643e+00	
45	9.550000e+00	-5.16643e+00	
46	9.540000e+00	-5.16643e+00	
47	9.530000e+00	-5.16643e+00	
48	9.520000e+00	-5.16643e+00	
49	9.510000e+00	-5.16643e+00	
50	9.500000e+00	-5.16643e+00	
51	9.490000e+00	-5.16643e+00	
52	9.480000e+00	-5.16643e+00	
53	9.470000e+00	-5.16643e+00	
54	9.460000e+00	-5.16643e+00	

Index   v-sweep         v(8)            
--------------------------------------------------------------------------------
55	9.450000e+00	-5.16643e+00	
56	9.440000e+00	-5.16643e+00	
57	9.430000e+00	-5.16643e+00	
58	9.420000e+00	-5.16643e+00	
59	9.410000e+00	-5.16643e+00	
60	9.400000e+00	-5.16643e+00	
61	9.390000e+00	-5.16643e+00	
62	9.380000e+00	-5.16643e+00	
63	9.370000e+00	-5.16643e+00	
64	9.360000e+00	-5.16643e+00	
65	9.350000e+00	-5.16643e+00	
66	9.340000e+00	-5.16643e+00	
67	9.330000e+00	-5.16643e+00	
68	9.320000e+00	-5.16643e+00	
69	9.310000e+00	-5.16643e+00	
70	9.300000e+00	-5.16643e+00	
71	9.290000e+00	-5.16643e+00	
72	9.280000e+00	-5.16643e+00	
73	9.270000e+00	-5.16643e+00	
74	9.260000e+00	-5.16643e+00	
75	9.250000e+00	-5.16643e+00	
76	9.240000e+00	-5.16643e+00	
77	9.230000e+00	-5.16643e+00	
78	9.220000e+00	-5.16643e+00	
79	9.210000e+00	-5.16643e+00	
80	9.200000e+00	-5.16643e+00	
81	9.190000e+00	-5.16643e+00	
82	9.180000e+00	-5.16643e+00	
83	9.170000e+00	-5.16643e+00	
84	9.160000e+00	-5.16643e+00	
85	9.150000e+00	-5.16643e+00	
86	9.140000e+00	-5.16643e+00	
87	9.130000e+00	-5.16643e+00	
88	9.120000e+00	-5.16643e+00	
89	9.110000e+00	-5.16643e+00	
90	9.100000e+00	-5.16643e+00	
91	9.090000e+00	-5.16643e+00	
92	9.080000e+00	-5.16643e+00	
93	9.070000e+00	-5.16643e+00	
94	9.060000e+00	-5.16643e+00	
95	9.050000e+00	-5.16643e+00	
96	9.040000e+00	-5.16643e+00	
97	9.030000e+00	-5.16643e+00	
98	9.020000e+00	-5.16643e+00	
99	9.010000e+00	-5.16643e+00	
100	9.000000e+00	-5.16643e+00	
101	8.990000e+00	-5.16643e+00	
102	8.980000e+00	-5.16643e+00	
103	8.970000e+00	-5.16643e+00	
104	8.960000e+00	-5.16643e+00	
105	8.950000e+00	-5.16643e+00	
106	8.940000e+00	-5.16643e+00	
107	8.930000e+00	-5.16643e+00	
108	8.920000e+00	-5.16643e+00	
109	8.910000e+00	-5.16643e+00	
110	8.900000e+00	-5.16643e+00	
111	8.890000e+00	-5.16643e+00	
112	8.880000e+00	-5.16643e+00	

Index   v-sweep         v(8)            
--------------------------------------------------------------------------------
113	8.870000e+00	-5.16643e+00	
114	8.860000e+00	-5.16643e+00	
115	8.850000e+00	-5.16643e+00	
116	8.840000e+00	-5.16643e+00	
117	8.830000e+00	-5.16643e+00	
118	8.820000e+00	-5.16643e+00	
119	8.810000e+00	-5.16643e+00	
120	8.800000e+00	-5.16643e+00	
121	8.790000e+00	-5.16643e+00	
122	8.780000e+00	-5.16643e+00	
123	8.770000e+00	-5.16643e+00	
124	8.760000e+00	-5.16643e+00	
125	8.750000e+00	-5.16643e+00	
126	8.740000e+00	-5.16643e+00	
127	8.730000e+00	-5.16643e+00	
128	8.720000e+00	-5.16643e+00	
129	8.710000e+00	-5.16643e+00	
130	8.700000e+00	-5.16643e+00	
131	8.690000e+00	-5.16643e+00	
132	8.680000e+00	-5.16643e+00	
133	8.670000e+00	-5.16643e+00	
134	8.660000e+00	-5.16643e+00	
135	8.650000e+00	-5.16643e+00	
136	8.640000e+00	-5.16643e+00	
137	8.630000e+00	-5.16643e+00	
138	8.620000e+00	-5.16643e+00	
139	8.610000e+00	-5.16643e+00	
140	8.600000e+00	-5.16643e+00	
141	8.590000e+00	-5.16643e+00	
142	8.580000e+00	-5.16643e+00	
143	8.570000e+00	-5.16643e+00	
144	8.560000e+00	-5.16643e+00	
145	8.550000e+00	-5.16643e+00	
146	8.540000e+00	-5.16643e+00	
147	8.530000e+00	-5.16643e+00	
148	8.520000e+00	-5.16643e+00	
149	8.510000e+00	-5.16643e+00	
150	8.500000e+00	-5.16643e+00	
151	8.490000e+00	-5.16643e+00	
152	8.480000e+00	-5.16643e+00	
153	8.470000e+00	-5.16643e+00	
154	8.460000e+00	-5.16643e+00	
155	8.450000e+00	-5.16643e+00	
156	8.440000e+00	-5.16643e+00	
157	8.430000e+00	-5.16643e+00	
158	8.420000e+00	-5.16643e+00	
159	8.410000e+00	-5.16643e+00	
160	8.400000e+00	-5.16643e+00	
161	8.390000e+00	-5.16643e+00	
162	8.380000e+00	-5.16643e+00	
163	8.370000e+00	-5.16643e+00	
164	8.360000e+00	-5.16643e+00	
165	8.350000e+00	-5.16643e+00	
166	8.340000e+00	-5.16643e+00	
167	8.330000e+00	-5.16643e+00	
168	8.320000e+00	-5.16643e+00	
169	8.310000e+00	-5.16643e+00	
170	8.300000e+00	-5.16643e+00	

Index   v-sweep         v(8)            
--------------------------------------------------------------------------------
171	8.290000e+00	-5.16643e+00	
172	8.280000e+00	-5.16643e+00	
173	8.270000e+00	-5.16643e+00	
174	8.260000e+00	-5.16643e+00	
175	8.250000e+00	-5.16643e+00	
176	8.240000e+00	-5.16643e+00	
177	8.230000e+00	-5.16643e+00	
178	8.220000e+00	-5.16643e+00	
179	8.210000e+00	-5.16643e+00	
180	8.200000e+00	-5.16643e+00	
181	8.190000e+00	-5.16643e+00	
182	8.180000e+00	-5.16643e+00	
183	8.170000e+00	-5.16643e+00	
184	8.160000e+00	-5.16643e+00	
185	8.150000e+00	-5.16643e+00	
186	8.140000e+00	-5.16643e+00	
187	8.130000e+00	-5.16643e+00	
188	8.120000e+00	-5.16643e+00	
189	8.110000e+00	-5.16643e+00	
190	8.100000e+00	-5.16643e+00	
191	8.090000e+00	-5.16643e+00	
192	8.080000e+00	-5.16643e+00	
193	8.070000e+00	-5.16643e+00	
194	8.060000e+00	-5.16643e+00	
195	8.050000e+00	-5.16643e+00	
196	8.040000e+00	-5.16643e+00	
197	8.030000e+00	-5.16643e+00	
198	8.020000e+00	-5.16643e+00	
199	8.010000e+00	-5.16643e+00	
200	8.000000e+00	-5.16643e+00	
201	7.990000e+00	-5.16643e+00	
202	7.980000e+00	-5.16643e+00	
203	7.970000e+00	-5.16643e+00	
204	7.960000e+00	-5.16643e+00	
205	7.950000e+00	-5.16643e+00	
206	7.940000e+00	-5.16643e+00	
207	7.930000e+00	-5.16643e+00	
208	7.920000e+00	-5.16643e+00	
209	7.910000e+00	-5.16643e+00	
210	7.900000e+00	-5.16643e+00	
211	7.890000e+00	-5.16643e+00	
212	7.880000e+00	-5.16643e+00	
213	7.870000e+00	-5.16643e+00	
214	7.860000e+00	-5.16643e+00	
215	7.850000e+00	-5.16643e+00	
216	7.840000e+00	-5.16643e+00	
217	7.830000e+00	-5.16643e+00	
218	7.820000e+00	-5.16643e+00	
219	7.810000e+00	-5.16643e+00	
220	7.800000e+00	-5.16643e+00	
221	7.790000e+00	-5.16643e+00	
222	7.780000e+00	-5.16643e+00	
223	7.770000e+00	-5.16643e+00	
224	7.760000e+00	-5.16643e+00	
225	7.750000e+00	-5.16643e+00	
226	7.740000e+00	-5.16643e+00	
227	7.730000e+00	-5.16643e+00	
228	7.720000e+00	-5.16643e+00	

Index   v-sweep         v(8)            
--------------------------------------------------------------------------------
229	7.710000e+00	-5.16643e+00	
230	7.700000e+00	-5.16643e+00	
231	7.690000e+00	-5.16643e+00	
232	7.680000e+00	-5.16643e+00	
233	7.670000e+00	-5.16643e+00	
234	7.660000e+00	-5.16643e+00	
235	7.650000e+00	-5.16643e+00	
236	7.640000e+00	-5.16643e+00	
237	7.630000e+00	-5.16643e+00	
238	7.620000e+00	-5.16643e+00	
239	7.610000e+00	-5.16643e+00	
240	7.600000e+00	-5.16643e+00	
241	7.590000e+00	-5.16643e+00	
242	7.580000e+00	-5.16643e+00	
243	7.570000e+00	-5.16643e+00	
244	7.560000e+00	-5.16643e+00	
245	7.550000e+00	-5.16643e+00	
246	7.540000e+00	-5.16643e+00	
247	7.530000e+00	-5.16643e+00	
248	7.520000e+00	-5.16643e+00	
249	7.510000e+00	-5.16643e+00	
250	7.500000e+00	-5.16643e+00	
251	7.490000e+00	-5.16643e+00	
252	7.480000e+00	-5.16643e+00	
253	7.470000e+00	-5.16643e+00	
254	7.460000e+00	-5.16643e+00	
255	7.450000e+00	-5.16643e+00	
256	7.440000e+00	-5.16643e+00	
257	7.430000e+00	-5.16643e+00	
258	7.420000e+00	-5.16643e+00	
259	7.410000e+00	-5.16643e+00	
260	7.400000e+00	-5.16643e+00	
261	7.390000e+00	-5.16643e+00	
262	7.380000e+00	-5.16643e+00	
263	7.370000e+00	-5.16643e+00	
264	7.360000e+00	-5.16643e+00	
265	7.350000e+00	-5.16643e+00	
266	7.340000e+00	-5.16643e+00	
267	7.330000e+00	-5.16643e+00	
268	7.320000e+00	-5.16643e+00	
269	7.310000e+00	-5.16643e+00	
270	7.300000e+00	-5.16643e+00	
271	7.290000e+00	-5.16643e+00	
272	7.280000e+00	-5.16643e+00	
273	7.270000e+00	-5.16643e+00	
274	7.260000e+00	-5.16643e+00	
275	7.250000e+00	-5.16643e+00	
276	7.240000e+00	-5.16643e+00	
277	7.230000e+00	-5.16643e+00	
278	7.220000e+00	-5.16643e+00	
279	7.210000e+00	-5.16643e+00	
280	7.200000e+00	-5.16643e+00	
281	7.190000e+00	-5.16643e+00	
282	7.180000e+00	-5.16643e+00	
283	7.170000e+00	-5.16643e+00	
284	7.160000e+00	-5.16643e+00	
285	7.150000e+00	-5.16643e+00	
286	7.140000e+00	-5.16643e+00	

Index   v-sweep         v(8)            
--------------------------------------------------------------------------------
287	7.130000e+00	-5.16643e+00	
288	7.120000e+00	-5.16643e+00	
289	7.110000e+00	-5.16643e+00	
290	7.100000e+00	-5.16643e+00	
291	7.090000e+00	-5.16643e+00	
292	7.080000e+00	-5.16643e+00	
293	7.070000e+00	-5.16643e+00	
294	7.060000e+00	-5.16643e+00	
295	7.050000e+00	-5.16643e+00	
296	7.040000e+00	-5.16643e+00	
297	7.030000e+00	-5.16643e+00	
298	7.020000e+00	-5.16643e+00	
299	7.010000e+00	-5.16643e+00	
300	7.000000e+00	-5.16643e+00	
301	6.990000e+00	-5.16643e+00	
302	6.980000e+00	-5.16643e+00	
303	6.970000e+00	-5.16643e+00	
304	6.960000e+00	-5.16643e+00	
305	6.950000e+00	-5.16643e+00	
306	6.940000e+00	-5.16643e+00	
307	6.930000e+00	-5.16643e+00	
308	6.920000e+00	-5.16643e+00	
309	6.910000e+00	-5.16643e+00	
310	6.900000e+00	-5.16643e+00	
311	6.890000e+00	-5.16643e+00	
312	6.880000e+00	-5.16643e+00	
313	6.870000e+00	-5.16643e+00	
314	6.860000e+00	-5.16643e+00	
315	6.850000e+00	-5.16643e+00	
316	6.840000e+00	-5.16643e+00	
317	6.830000e+00	-5.16643e+00	
318	6.820000e+00	-5.16643e+00	
319	6.810000e+00	-5.16643e+00	
320	6.800000e+00	-5.16643e+00	
321	6.790000e+00	-5.16643e+00	
322	6.780000e+00	-5.16643e+00	
323	6.770000e+00	-5.16643e+00	
324	6.760000e+00	-5.16643e+00	
325	6.750000e+00	-5.16643e+00	
326	6.740000e+00	-5.16643e+00	
327	6.730000e+00	-5.16643e+00	
328	6.720000e+00	-5.16643e+00	
329	6.710000e+00	-5.16643e+00	
330	6.700000e+00	-5.16643e+00	
331	6.690000e+00	-5.16643e+00	
332	6.680000e+00	-5.16643e+00	
333	6.670000e+00	-5.16643e+00	
334	6.660000e+00	-5.16643e+00	
335	6.650000e+00	-5.16643e+00	
336	6.640000e+00	-5.16643e+00	
337	6.630000e+00	-5.16643e+00	
338	6.620000e+00	-5.16643e+00	
339	6.610000e+00	-5.16643e+00	
340	6.600000e+00	-5.16643e+00	
341	6.590000e+00	-5.16643e+00	
342	6.580000e+00	-5.16643e+00	
343	6.570000e+00	-5.16643e+00	
344	6.560000e+00	-5.16643e+00	

Index   v-sweep         v(8)            
--------------------------------------------------------------------------------
345	6.550000e+00	-5.16643e+00	
346	6.540000e+00	-5.16643e+00	
347	6.530000e+00	-5.16643e+00	
348	6.520000e+00	-5.16643e+00	
349	6.510000e+00	-5.16643e+00	
350	6.500000e+00	-5.16643e+00	
351	6.490000e+00	-5.16643e+00	
352	6.480000e+00	-5.16643e+00	
353	6.470000e+00	-5.16643e+00	
354	6.460000e+00	-5.16643e+00	
355	6.450000e+00	-5.16643e+00	
356	6.440000e+00	-5.16643e+00	
357	6.430000e+00	-5.16643e+00	
358	6.420000e+00	-5.16643e+00	
359	6.410000e+00	-5.16643e+00	
360	6.400000e+00	-5.16643e+00	
361	6.390000e+00	-5.16643e+00	
362	6.380000e+00	-5.16643e+00	
363	6.370000e+00	-5.16643e+00	
364	6.360000e+00	-5.16643e+00	
365	6.350000e+00	-5.16643e+00	
366	6.340000e+00	-5.16643e+00	
367	6.330000e+00	-5.16643e+00	
368	6.320000e+00	-5.16643e+00	
369	6.310000e+00	-5.16643e+00	
370	6.300000e+00	-5.16643e+00	
371	6.290000e+00	-5.16643e+00	
372	6.280000e+00	-5.16643e+00	
373	6.270000e+00	-5.16643e+00	
374	6.260000e+00	-5.16643e+00	
375	6.250000e+00	-5.16643e+00	
376	6.240000e+00	-5.16643e+00	
377	6.230000e+00	-5.16643e+00	
378	6.220000e+00	-5.16643e+00	
379	6.210000e+00	-5.16643e+00	
380	6.200000e+00	-5.16643e+00	
381	6.190000e+00	-5.16643e+00	
382	6.180000e+00	-5.16643e+00	
383	6.170000e+00	-5.16643e+00	
384	6.160000e+00	-5.16643e+00	
385	6.150000e+00	-5.16643e+00	
386	6.140000e+00	-5.16643e+00	
387	6.130000e+00	-5.16643e+00	
388	6.120000e+00	-5.16643e+00	
389	6.110000e+00	-5.16643e+00	
390	6.100000e+00	-5.16643e+00	
391	6.090000e+00	-5.16643e+00	
392	6.080000e+00	-5.16643e+00	
393	6.070000e+00	-5.16643e+00	
394	6.060000e+00	-5.16643e+00	
395	6.050000e+00	-5.16643e+00	
396	6.040000e+00	-5.16643e+00	
397	6.030000e+00	-5.16643e+00	
398	6.020000e+00	-5.16643e+00	
399	6.010000e+00	-5.16643e+00	
400	6.000000e+00	-5.16643e+00	
401	5.990000e+00	-5.16643e+00	
402	5.980000e+00	-5.16643e+00	

Index   v-sweep         v(8)            
--------------------------------------------------------------------------------
403	5.970000e+00	-5.16643e+00	
404	5.960000e+00	-5.16643e+00	
405	5.950000e+00	-5.16643e+00	
406	5.940000e+00	-5.16643e+00	
407	5.930000e+00	-5.16643e+00	
408	5.920000e+00	-5.16643e+00	
409	5.910000e+00	-5.16643e+00	
410	5.900000e+00	-5.16643e+00	
411	5.890000e+00	-5.16643e+00	
412	5.880000e+00	-5.16643e+00	
413	5.870000e+00	-5.16643e+00	
414	5.860000e+00	-5.16643e+00	
415	5.850000e+00	-5.16643e+00	
416	5.840000e+00	-5.16643e+00	
417	5.830000e+00	-5.16643e+00	
418	5.820000e+00	-5.16643e+00	
419	5.810000e+00	-5.16643e+00	
420	5.800000e+00	-5.16643e+00	
421	5.790000e+00	-5.16643e+00	
422	5.780000e+00	-5.16643e+00	
423	5.770000e+00	-5.16643e+00	
424	5.760000e+00	-5.16643e+00	
425	5.750000e+00	-5.16643e+00	
426	5.740000e+00	-5.16643e+00	
427	5.730000e+00	-5.16643e+00	
428	5.720000e+00	-5.16643e+00	
429	5.710000e+00	-5.16643e+00	
430	5.700000e+00	-5.16643e+00	
431	5.690000e+00	-5.16643e+00	
432	5.680000e+00	-5.16643e+00	
433	5.670000e+00	-5.16643e+00	
434	5.660000e+00	-5.16643e+00	
435	5.650000e+00	-5.16643e+00	
436	5.640000e+00	-5.16643e+00	
437	5.630000e+00	-5.16643e+00	
438	5.620000e+00	-5.16643e+00	
439	5.610000e+00	-5.16643e+00	
440	5.600000e+00	-5.16643e+00	
441	5.590000e+00	-5.16643e+00	
442	5.580000e+00	-5.16643e+00	
443	5.570000e+00	-5.16643e+00	
444	5.560000e+00	-5.16643e+00	
445	5.550000e+00	-5.16643e+00	
446	5.540000e+00	-5.16643e+00	
447	5.530000e+00	-5.16643e+00	
448	5.520000e+00	-5.16643e+00	
449	5.510000e+00	-5.16643e+00	
450	5.500000e+00	-5.16643e+00	
451	5.490000e+00	-5.16643e+00	
452	5.480000e+00	-5.16643e+00	
453	5.470000e+00	-5.16643e+00	
454	5.460000e+00	-5.16643e+00	
455	5.450000e+00	-5.16643e+00	
456	5.440000e+00	-5.16643e+00	
457	5.430000e+00	-5.16643e+00	
458	5.420000e+00	-5.16643e+00	
459	5.410000e+00	-5.16643e+00	
460	5.400000e+00	-5.16643e+00	

Index   v-sweep         v(8)            
--------------------------------------------------------------------------------
461	5.390000e+00	-5.16643e+00	
462	5.380000e+00	-5.16643e+00	
463	5.370000e+00	-5.16643e+00	
464	5.360000e+00	-5.16643e+00	
465	5.350000e+00	-5.16643e+00	
466	5.340000e+00	-5.16643e+00	
467	5.330000e+00	-5.16643e+00	
468	5.320000e+00	-5.16643e+00	
469	5.310000e+00	-5.16643e+00	
470	5.300000e+00	-5.16643e+00	
471	5.290000e+00	-5.16643e+00	
472	5.280000e+00	-5.16643e+00	
473	5.270000e+00	-5.16643e+00	
474	5.260000e+00	-5.16643e+00	
475	5.250000e+00	-5.16643e+00	
476	5.240000e+00	-5.16643e+00	
477	5.230000e+00	-5.16643e+00	
478	5.220000e+00	-5.16643e+00	
479	5.210000e+00	-5.16643e+00	
480	5.200000e+00	-5.16643e+00	
481	5.190000e+00	-5.16643e+00	
482	5.180000e+00	-5.16643e+00	
483	5.170000e+00	-5.16643e+00	
484	5.160000e+00	-5.16643e+00	
485	5.150000e+00	-5.16643e+00	
486	5.140000e+00	-5.16643e+00	
487	5.130000e+00	-5.16643e+00	
488	5.120000e+00	-5.16643e+00	
489	5.110000e+00	-5.16643e+00	
490	5.100000e+00	-5.16643e+00	
491	5.090000e+00	-5.16643e+00	
492	5.080000e+00	-5.16643e+00	
493	5.070000e+00	-5.16643e+00	
494	5.060000e+00	-5.16643e+00	
495	5.050000e+00	-5.16643e+00	
496	5.040000e+00	-5.16643e+00	
497	5.030000e+00	-5.16643e+00	
498	5.020000e+00	-5.16643e+00	
499	5.010000e+00	-5.16643e+00	
500	5.000000e+00	-5.16643e+00	
501	4.990000e+00	-5.16643e+00	
502	4.980000e+00	-5.16643e+00	
503	4.970000e+00	-5.16643e+00	
504	4.960000e+00	-5.16643e+00	
505	4.950000e+00	-5.16643e+00	
506	4.940000e+00	-5.16643e+00	
507	4.930000e+00	-5.16643e+00	
508	4.920000e+00	-5.16643e+00	
509	4.910000e+00	-5.16643e+00	
510	4.900000e+00	-5.16643e+00	
511	4.890000e+00	-5.16643e+00	
512	4.880000e+00	-5.16643e+00	
513	4.870000e+00	-5.16643e+00	
514	4.860000e+00	-5.16643e+00	
515	4.850000e+00	-5.16643e+00	
516	4.840000e+00	-5.16643e+00	
517	4.830000e+00	-5.16643e+00	
518	4.820000e+00	-5.16643e+00	

Index   v-sweep         v(8)            
--------------------------------------------------------------------------------
519	4.810000e+00	-5.16643e+00	
520	4.800000e+00	-5.16643e+00	
521	4.790000e+00	-5.16643e+00	
522	4.780000e+00	-5.16643e+00	
523	4.770000e+00	-5.16643e+00	
524	4.760000e+00	-5.16643e+00	
525	4.750000e+00	-5.16643e+00	
526	4.740000e+00	-5.16643e+00	
527	4.730000e+00	-5.16643e+00	
528	4.720000e+00	-5.16643e+00	
529	4.710000e+00	-5.16643e+00	
530	4.700000e+00	-5.16643e+00	
531	4.690000e+00	-5.16643e+00	
532	4.680000e+00	-5.16643e+00	
533	4.670000e+00	-5.16643e+00	
534	4.660000e+00	-5.16643e+00	
535	4.650000e+00	-5.16643e+00	
536	4.640000e+00	-5.16643e+00	
537	4.630000e+00	-5.16643e+00	
538	4.620000e+00	-5.16643e+00	
539	4.610000e+00	-5.16643e+00	
540	4.600000e+00	-5.16643e+00	
541	4.590000e+00	-5.16643e+00	
542	4.580000e+00	-5.16643e+00	
543	4.570000e+00	-5.16643e+00	
544	4.560000e+00	-5.16643e+00	
545	4.550000e+00	-5.16643e+00	
546	4.540000e+00	-5.16643e+00	
547	4.530000e+00	-5.16643e+00	
548	4.520000e+00	-5.16643e+00	
549	4.510000e+00	-5.16643e+00	
550	4.500000e+00	-5.16643e+00	
551	4.490000e+00	-5.16643e+00	
552	4.480000e+00	-5.16643e+00	
553	4.470000e+00	-5.16643e+00	
554	4.460000e+00	-5.16643e+00	
555	4.450000e+00	-5.16643e+00	
556	4.440000e+00	-5.16643e+00	
557	4.430000e+00	-5.16643e+00	
558	4.420000e+00	-5.16643e+00	
559	4.410000e+00	-5.16643e+00	
560	4.400000e+00	-5.16643e+00	
561	4.390000e+00	-5.16643e+00	
562	4.380000e+00	-5.16643e+00	
563	4.370000e+00	-5.16643e+00	
564	4.360000e+00	-5.16643e+00	
565	4.350000e+00	-5.16643e+00	
566	4.340000e+00	-5.16643e+00	
567	4.330000e+00	-5.16643e+00	
568	4.320000e+00	-5.16643e+00	
569	4.310000e+00	-5.16643e+00	
570	4.300000e+00	-5.16643e+00	
571	4.290000e+00	-5.16643e+00	
572	4.280000e+00	-5.16643e+00	
573	4.270000e+00	-5.16643e+00	
574	4.260000e+00	-5.16643e+00	
575	4.250000e+00	-5.16643e+00	
576	4.240000e+00	-5.16643e+00	

Index   v-sweep         v(8)            
--------------------------------------------------------------------------------
577	4.230000e+00	-5.16643e+00	
578	4.220000e+00	-5.16643e+00	
579	4.210000e+00	-5.16643e+00	
580	4.200000e+00	-5.16643e+00	
581	4.190000e+00	-5.16643e+00	
582	4.180000e+00	-5.16643e+00	
583	4.170000e+00	-5.16643e+00	
584	4.160000e+00	-5.16643e+00	
585	4.150000e+00	-5.16643e+00	
586	4.140000e+00	-5.16643e+00	
587	4.130000e+00	-5.16643e+00	
588	4.120000e+00	-5.16643e+00	
589	4.110000e+00	-5.16643e+00	
590	4.100000e+00	-5.16643e+00	
591	4.090000e+00	-5.16643e+00	
592	4.080000e+00	-5.16643e+00	
593	4.070000e+00	-5.16643e+00	
594	4.060000e+00	-5.16643e+00	
595	4.050000e+00	-5.16643e+00	
596	4.040000e+00	-5.16643e+00	
597	4.030000e+00	-5.16643e+00	
598	4.020000e+00	-5.16643e+00	
599	4.010000e+00	-5.16643e+00	
600	4.000000e+00	-5.16643e+00	
601	3.990000e+00	-5.16643e+00	
602	3.980000e+00	-5.16643e+00	
603	3.970000e+00	-5.16643e+00	
604	3.960000e+00	-5.16643e+00	
605	3.950000e+00	-5.16643e+00	
606	3.940000e+00	-5.16643e+00	
607	3.930000e+00	-5.16643e+00	
608	3.920000e+00	-5.16643e+00	
609	3.910000e+00	-5.16643e+00	
610	3.900000e+00	-5.16643e+00	
611	3.890000e+00	-5.16643e+00	
612	3.880000e+00	-5.16643e+00	
613	3.870000e+00	-5.16643e+00	
614	3.860000e+00	-5.16643e+00	
615	3.850000e+00	-5.16643e+00	
616	3.840000e+00	-5.16643e+00	
617	3.830000e+00	-5.16643e+00	
618	3.820000e+00	-5.16643e+00	
619	3.810000e+00	-5.16643e+00	
620	3.800000e+00	-5.16643e+00	
621	3.790000e+00	-5.16643e+00	
622	3.780000e+00	-5.16643e+00	
623	3.770000e+00	-5.16643e+00	
624	3.760000e+00	-5.16643e+00	
625	3.750000e+00	-5.16643e+00	
626	3.740000e+00	-5.16643e+00	
627	3.730000e+00	-5.16643e+00	
628	3.720000e+00	-5.16643e+00	
629	3.710000e+00	-5.16643e+00	
630	3.700000e+00	-5.16643e+00	
631	3.690000e+00	-5.16643e+00	
632	3.680000e+00	-5.16643e+00	
633	3.670000e+00	-5.16643e+00	
634	3.660000e+00	-5.16643e+00	

Index   v-sweep         v(8)            
--------------------------------------------------------------------------------
635	3.650000e+00	-5.16643e+00	
636	3.640000e+00	-5.16643e+00	
637	3.630000e+00	-5.16643e+00	
638	3.620000e+00	-5.16643e+00	
639	3.610000e+00	-5.16643e+00	
640	3.600000e+00	-5.16643e+00	
641	3.590000e+00	-5.16643e+00	
642	3.580000e+00	-5.16643e+00	
643	3.570000e+00	-5.16643e+00	
644	3.560000e+00	-5.16643e+00	
645	3.550000e+00	-5.16643e+00	
646	3.540000e+00	-5.16643e+00	
647	3.530000e+00	-5.16643e+00	
648	3.520000e+00	-5.16643e+00	
649	3.510000e+00	-5.16643e+00	
650	3.500000e+00	-5.16643e+00	
651	3.490000e+00	-5.16643e+00	
652	3.480000e+00	-5.16643e+00	
653	3.470000e+00	-5.16643e+00	
654	3.460000e+00	-5.16643e+00	
655	3.450000e+00	-5.16643e+00	
656	3.440000e+00	-5.16643e+00	
657	3.430000e+00	-5.16643e+00	
658	3.420000e+00	-5.16643e+00	
659	3.410000e+00	-5.16643e+00	
660	3.400000e+00	-5.16643e+00	
661	3.390000e+00	-5.16643e+00	
662	3.380000e+00	-5.16643e+00	
663	3.370000e+00	-5.16643e+00	
664	3.360000e+00	-5.16643e+00	
665	3.350000e+00	-5.16643e+00	
666	3.340000e+00	-5.16643e+00	
667	3.330000e+00	-5.16643e+00	
668	3.320000e+00	-5.16643e+00	
669	3.310000e+00	-5.16643e+00	
670	3.300000e+00	-5.16643e+00	
671	3.290000e+00	-5.16643e+00	
672	3.280000e+00	-5.16643e+00	
673	3.270000e+00	-5.16643e+00	
674	3.260000e+00	-5.16643e+00	
675	3.250000e+00	-5.16643e+00	
676	3.240000e+00	-5.16643e+00	
677	3.230000e+00	-5.16643e+00	
678	3.220000e+00	-5.16643e+00	
679	3.210000e+00	-5.16643e+00	
680	3.200000e+00	-5.16643e+00	
681	3.190000e+00	-5.16643e+00	
682	3.180000e+00	-5.16643e+00	
683	3.170000e+00	-5.16643e+00	
684	3.160000e+00	-5.16643e+00	
685	3.150000e+00	-5.16643e+00	
686	3.140000e+00	-5.16643e+00	
687	3.130000e+00	-5.16643e+00	
688	3.120000e+00	-5.16643e+00	
689	3.110000e+00	-5.16643e+00	
690	3.100000e+00	-5.16643e+00	
691	3.090000e+00	-5.16643e+00	
692	3.080000e+00	-5.16643e+00	

Index   v-sweep         v(8)            
--------------------------------------------------------------------------------
693	3.070000e+00	-5.16643e+00	
694	3.060000e+00	-5.16643e+00	
695	3.050000e+00	-5.16643e+00	
696	3.040000e+00	-5.16643e+00	
697	3.030000e+00	-5.16643e+00	
698	3.020000e+00	-5.16643e+00	
699	3.010000e+00	-5.16643e+00	
700	3.000000e+00	-5.16643e+00	
701	2.990000e+00	-5.16643e+00	
702	2.980000e+00	-5.16643e+00	
703	2.970000e+00	-5.16643e+00	
704	2.960000e+00	-5.16643e+00	
705	2.950000e+00	-5.16643e+00	
706	2.940000e+00	-5.16643e+00	
707	2.930000e+00	-5.16643e+00	
708	2.920000e+00	-5.16643e+00	
709	2.910000e+00	-5.16643e+00	
710	2.900000e+00	-5.16643e+00	
711	2.890000e+00	-5.16643e+00	
712	2.880000e+00	-5.16643e+00	
713	2.870000e+00	-5.16643e+00	
714	2.860000e+00	-5.16643e+00	
715	2.850000e+00	-5.16643e+00	
716	2.840000e+00	-5.16643e+00	
717	2.830000e+00	-5.16643e+00	
718	2.820000e+00	-5.16643e+00	
719	2.810000e+00	-5.16643e+00	
720	2.800000e+00	-5.16643e+00	
721	2.790000e+00	-5.16643e+00	
722	2.780000e+00	-5.16643e+00	
723	2.770000e+00	-5.16643e+00	
724	2.760000e+00	-5.16643e+00	
725	2.750000e+00	-5.16643e+00	
726	2.740000e+00	-5.16643e+00	
727	2.730000e+00	-5.16643e+00	
728	2.720000e+00	-5.16643e+00	
729	2.710000e+00	-5.16643e+00	
730	2.700000e+00	-5.16643e+00	
731	2.690000e+00	-5.16643e+00	
732	2.680000e+00	-5.16643e+00	
733	2.670000e+00	-5.16643e+00	
734	2.660000e+00	-5.16643e+00	
735	2.650000e+00	-5.16643e+00	
736	2.640000e+00	-5.16643e+00	
737	2.630000e+00	-5.16643e+00	
738	2.620000e+00	-5.16643e+00	
739	2.610000e+00	-5.16643e+00	
740	2.600000e+00	-5.16643e+00	
741	2.590000e+00	-5.16643e+00	
742	2.580000e+00	-5.16643e+00	
743	2.570000e+00	-5.16643e+00	
744	2.560000e+00	-5.16643e+00	
745	2.550000e+00	-5.16643e+00	
746	2.540000e+00	-5.16643e+00	
747	2.530000e+00	-5.16643e+00	
748	2.520000e+00	-5.16643e+00	
749	2.510000e+00	-5.16643e+00	
750	2.500000e+00	-5.16643e+00	

Index   v-sweep         v(8)            
--------------------------------------------------------------------------------
751	2.490000e+00	-5.16643e+00	
752	2.480000e+00	-5.16643e+00	
753	2.470000e+00	-5.16643e+00	
754	2.460000e+00	-5.16643e+00	
755	2.450000e+00	-5.16643e+00	
756	2.440000e+00	-5.16643e+00	
757	2.430000e+00	-5.16643e+00	
758	2.420000e+00	-5.16643e+00	
759	2.410000e+00	-5.16643e+00	
760	2.400000e+00	-5.16643e+00	
761	2.390000e+00	-5.16643e+00	
762	2.380000e+00	-5.16643e+00	
763	2.370000e+00	-5.16643e+00	
764	2.360000e+00	-5.16643e+00	
765	2.350000e+00	-5.16643e+00	
766	2.340000e+00	-5.16643e+00	
767	2.330000e+00	-5.16643e+00	
768	2.320000e+00	-5.16643e+00	
769	2.310000e+00	-5.16643e+00	
770	2.300000e+00	-5.16643e+00	
771	2.290000e+00	-5.16643e+00	
772	2.280000e+00	-5.16643e+00	
773	2.270000e+00	-5.16643e+00	
774	2.260000e+00	-5.16643e+00	
775	2.250000e+00	-5.16643e+00	
776	2.240000e+00	-5.16643e+00	
777	2.230000e+00	-5.16643e+00	
778	2.220000e+00	-5.16643e+00	
779	2.210000e+00	-5.16643e+00	
780	2.200000e+00	-5.16643e+00	
781	2.190000e+00	-5.16643e+00	
782	2.180000e+00	-5.16643e+00	
783	2.170000e+00	-5.16643e+00	
784	2.160000e+00	-5.16643e+00	
785	2.150000e+00	-5.16643e+00	
786	2.140000e+00	-5.16643e+00	
787	2.130000e+00	-5.16643e+00	
788	2.120000e+00	-5.16643e+00	
789	2.110000e+00	-5.16643e+00	
790	2.100000e+00	-5.16643e+00	
791	2.090000e+00	-5.16643e+00	
792	2.080000e+00	-5.16643e+00	
793	2.070000e+00	-5.16643e+00	
794	2.060000e+00	-5.16643e+00	
795	2.050000e+00	-5.16643e+00	
796	2.040000e+00	-5.16643e+00	
797	2.030000e+00	-5.16643e+00	
798	2.020000e+00	-5.16643e+00	
799	2.010000e+00	-5.16643e+00	
800	2.000000e+00	-5.16643e+00	
801	1.990000e+00	-5.16643e+00	
802	1.980000e+00	-5.16643e+00	
803	1.970000e+00	-5.16643e+00	
804	1.960000e+00	-5.16643e+00	
805	1.950000e+00	-5.16643e+00	
806	1.940000e+00	-5.16643e+00	
807	1.930000e+00	-5.16643e+00	
808	1.920000e+00	-5.16643e+00	

Index   v-sweep         v(8)            
--------------------------------------------------------------------------------
809	1.910000e+00	-5.16643e+00	
810	1.900000e+00	-5.16643e+00	
811	1.890000e+00	-5.16643e+00	
812	1.880000e+00	-5.16643e+00	
813	1.870000e+00	-5.16643e+00	
814	1.860000e+00	-5.16643e+00	
815	1.850000e+00	-5.16643e+00	
816	1.840000e+00	-5.16643e+00	
817	1.830000e+00	-5.16643e+00	
818	1.820000e+00	-5.16643e+00	
819	1.810000e+00	-5.16643e+00	
820	1.800000e+00	-5.16643e+00	
821	1.790000e+00	-5.16643e+00	
822	1.780000e+00	-5.16643e+00	
823	1.770000e+00	-5.16643e+00	
824	1.760000e+00	-5.16643e+00	
825	1.750000e+00	-5.16643e+00	
826	1.740000e+00	-5.16643e+00	
827	1.730000e+00	-5.16643e+00	
828	1.720000e+00	-5.16643e+00	
829	1.710000e+00	-5.16643e+00	
830	1.700000e+00	-5.16643e+00	
831	1.690000e+00	-5.16643e+00	
832	1.680000e+00	-5.16643e+00	
833	1.670000e+00	-5.16643e+00	
834	1.660000e+00	-5.16643e+00	
835	1.650000e+00	-5.16643e+00	
836	1.640000e+00	-5.16643e+00	
837	1.630000e+00	-5.16643e+00	
838	1.620000e+00	-5.16643e+00	
839	1.610000e+00	-5.16643e+00	
840	1.600000e+00	-5.16643e+00	
841	1.590000e+00	-5.16643e+00	
842	1.580000e+00	-5.16643e+00	
843	1.570000e+00	-5.16643e+00	
844	1.560000e+00	-5.16643e+00	
845	1.550000e+00	-5.16643e+00	
846	1.540000e+00	-5.16643e+00	
847	1.530000e+00	-5.16643e+00	
848	1.520000e+00	-5.16643e+00	
849	1.510000e+00	-5.16643e+00	
850	1.500000e+00	-5.16643e+00	
851	1.490000e+00	-5.16643e+00	
852	1.480000e+00	-5.16643e+00	
853	1.470000e+00	-5.16643e+00	
854	1.460000e+00	-5.16643e+00	
855	1.450000e+00	-5.16643e+00	
856	1.440000e+00	-5.16643e+00	
857	1.430000e+00	-5.16643e+00	
858	1.420000e+00	-5.16643e+00	
859	1.410000e+00	-5.16643e+00	
860	1.400000e+00	-5.16643e+00	
861	1.390000e+00	-5.16643e+00	
862	1.380000e+00	-5.16643e+00	
863	1.370000e+00	-5.16643e+00	
864	1.360000e+00	-5.16643e+00	
865	1.350000e+00	-5.16643e+00	
866	1.340000e+00	-5.16643e+00	

Index   v-sweep         v(8)            
--------------------------------------------------------------------------------
867	1.330000e+00	-5.16643e+00	
868	1.320000e+00	-5.16643e+00	
869	1.310000e+00	-5.16643e+00	
870	1.300000e+00	-5.16643e+00	
871	1.290000e+00	-5.16643e+00	
872	1.280000e+00	-5.16643e+00	
873	1.270000e+00	-5.16643e+00	
874	1.260000e+00	-5.16643e+00	
875	1.250000e+00	-5.16643e+00	
876	1.240000e+00	-5.16643e+00	
877	1.230000e+00	-5.16643e+00	
878	1.220000e+00	-5.16643e+00	
879	1.210000e+00	-5.16643e+00	
880	1.200000e+00	-5.16643e+00	
881	1.190000e+00	-5.16643e+00	
882	1.180000e+00	-5.16643e+00	
883	1.170000e+00	-5.16643e+00	
884	1.160000e+00	-5.16643e+00	
885	1.150000e+00	-5.16643e+00	
886	1.140000e+00	-5.16643e+00	
887	1.130000e+00	-5.16643e+00	
888	1.120000e+00	-5.16643e+00	
889	1.110000e+00	-5.16643e+00	
890	1.100000e+00	-5.16643e+00	
891	1.090000e+00	-5.16643e+00	
892	1.080000e+00	-5.16643e+00	
893	1.070000e+00	-5.16643e+00	
894	1.060000e+00	-5.16643e+00	
895	1.050000e+00	-5.16643e+00	
896	1.040000e+00	-5.16643e+00	
897	1.030000e+00	-5.16643e+00	
898	1.020000e+00	-5.16643e+00	
899	1.010000e+00	-5.16643e+00	
900	1.000000e+00	-5.16643e+00	
901	9.900000e-01	-5.16643e+00	
902	9.800000e-01	-5.16643e+00	
903	9.700000e-01	-5.16643e+00	
904	9.600000e-01	-5.16643e+00	
905	9.500000e-01	-5.16643e+00	
906	9.400000e-01	-5.16643e+00	
907	9.300000e-01	-5.16643e+00	
908	9.200000e-01	-5.16643e+00	
909	9.100000e-01	-5.16643e+00	
910	9.000000e-01	-5.16643e+00	
911	8.900000e-01	-5.16643e+00	
912	8.800000e-01	-5.16643e+00	
913	8.700000e-01	-5.16643e+00	
914	8.600000e-01	-5.16643e+00	
915	8.500000e-01	-5.16643e+00	
916	8.400000e-01	-5.16643e+00	
917	8.300000e-01	-5.16643e+00	
918	8.200000e-01	-5.16643e+00	
919	8.100000e-01	-5.16643e+00	
920	8.000000e-01	-5.16643e+00	
921	7.900000e-01	-5.16643e+00	
922	7.800000e-01	-5.16643e+00	
923	7.700000e-01	-5.16643e+00	
924	7.600000e-01	-5.16643e+00	

Index   v-sweep         v(8)            
--------------------------------------------------------------------------------
925	7.500000e-01	-5.16643e+00	
926	7.400000e-01	-5.16643e+00	
927	7.300000e-01	-5.16643e+00	
928	7.200000e-01	-5.16643e+00	
929	7.100000e-01	-5.16643e+00	
930	7.000000e-01	-5.16643e+00	
931	6.900000e-01	-5.16643e+00	
932	6.800000e-01	-5.16643e+00	
933	6.700000e-01	-5.16643e+00	
934	6.600000e-01	-5.16643e+00	
935	6.500000e-01	-5.16643e+00	
936	6.400000e-01	-5.16643e+00	
937	6.300000e-01	-5.16643e+00	
938	6.200000e-01	-5.16643e+00	
939	6.100000e-01	-5.16643e+00	
940	6.000000e-01	-5.16643e+00	
941	5.900000e-01	-5.16643e+00	
942	5.800000e-01	-5.16643e+00	
943	5.700000e-01	-5.16643e+00	
944	5.600000e-01	-5.16643e+00	
945	5.500000e-01	-5.16643e+00	
946	5.400000e-01	-5.16643e+00	
947	5.300000e-01	-5.16643e+00	
948	5.200000e-01	-5.16643e+00	
949	5.100000e-01	-5.16643e+00	
950	5.000000e-01	-5.16643e+00	
951	4.900000e-01	-5.16643e+00	
952	4.800000e-01	-5.16643e+00	
953	4.700000e-01	-5.16643e+00	
954	4.600000e-01	-5.16643e+00	
955	4.500000e-01	-5.16643e+00	
956	4.400000e-01	-5.16643e+00	
957	4.300000e-01	-5.16643e+00	
958	4.200000e-01	-5.16643e+00	
959	4.100000e-01	-5.16643e+00	
960	4.000000e-01	-5.16643e+00	
961	3.900000e-01	-5.16643e+00	
962	3.800000e-01	-5.16643e+00	
963	3.700000e-01	-5.16643e+00	
964	3.600000e-01	-5.16643e+00	
965	3.500000e-01	-5.16643e+00	
966	3.400000e-01	-5.16643e+00	
967	3.300000e-01	-5.16643e+00	
968	3.200000e-01	-5.16643e+00	
969	3.100000e-01	-5.16643e+00	
970	3.000000e-01	-5.16643e+00	
971	2.900000e-01	-5.16643e+00	
972	2.800000e-01	-5.16643e+00	
973	2.700000e-01	-5.16643e+00	
974	2.600000e-01	-5.16643e+00	
975	2.500000e-01	-5.16643e+00	
976	2.400000e-01	-5.16643e+00	
977	2.300000e-01	-5.16643e+00	
978	2.200000e-01	-5.16643e+00	
979	2.100000e-01	-5.16643e+00	
980	2.000000e-01	-5.16643e+00	
981	1.900000e-01	-5.16643e+00	
982	1.800000e-01	-5.16643e+00	

Index   v-sweep         v(8)            
--------------------------------------------------------------------------------
983	1.700000e-01	-5.16643e+00	
984	1.600000e-01	-5.16643e+00	
985	1.500000e-01	-5.16643e+00	
986	1.400000e-01	-5.16643e+00	
987	1.300000e-01	-5.16643e+00	
988	1.200000e-01	-5.16643e+00	
989	1.100000e-01	-5.16643e+00	
990	1.000000e-01	-5.16643e+00	
991	9.000000e-02	-5.16643e+00	
992	8.000000e-02	-5.16643e+00	
993	7.000000e-02	-5.16643e+00	
994	6.000000e-02	-5.16643e+00	
995	5.000000e-02	-5.16643e+00	
996	4.000000e-02	-5.16643e+00	
997	3.000000e-02	-5.16643e+00	
998	2.000000e-02	-5.16643e+00	
999	1.000000e-02	-5.16643e+00	
1000	1.688892e-13	-5.16643e+00	
1001	-1.00000e-02	-5.16643e+00	
1002	-2.00000e-02	-5.16643e+00	
1003	-3.00000e-02	-5.16643e+00	
1004	-4.00000e-02	-5.16643e+00	
1005	-5.00000e-02	-5.16643e+00	
1006	-6.00000e-02	-5.16643e+00	
1007	-7.00000e-02	-5.16643e+00	
1008	-8.00000e-02	-5.16643e+00	
1009	-9.00000e-02	-5.16643e+00	
1010	-1.00000e-01	-5.16643e+00	
1011	-1.10000e-01	-5.16643e+00	
1012	-1.20000e-01	-5.16643e+00	
1013	-1.30000e-01	-5.16643e+00	
1014	-1.40000e-01	-5.16643e+00	
1015	-1.50000e-01	-5.16643e+00	
1016	-1.60000e-01	-5.16643e+00	
1017	-1.70000e-01	-5.16643e+00	
1018	-1.80000e-01	-5.16643e+00	
1019	-1.90000e-01	-5.16643e+00	
1020	-2.00000e-01	-5.16643e+00	
1021	-2.10000e-01	-5.16643e+00	
1022	-2.20000e-01	-5.16643e+00	
1023	-2.30000e-01	-5.16643e+00	
1024	-2.40000e-01	-5.16643e+00	
1025	-2.50000e-01	-5.16643e+00	
1026	-2.60000e-01	-5.16643e+00	
1027	-2.70000e-01	-5.16643e+00	
1028	-2.80000e-01	-5.16643e+00	
1029	-2.90000e-01	-5.16643e+00	
1030	-3.00000e-01	-5.16643e+00	
1031	-3.10000e-01	-5.16643e+00	
1032	-3.20000e-01	-5.16643e+00	
1033	-3.30000e-01	-5.16643e+00	
1034	-3.40000e-01	-5.16643e+00	
1035	-3.50000e-01	-5.16643e+00	
1036	-3.60000e-01	-5.16643e+00	
1037	-3.70000e-01	-5.16643e+00	
1038	-3.80000e-01	-5.16643e+00	
1039	-3.90000e-01	-5.16643e+00	
1040	-4.00000e-01	-5.16643e+00	

Index   v-sweep         v(8)            
--------------------------------------------------------------------------------
1041	-4.10000e-01	-5.16643e+00	
1042	-4.20000e-01	-5.16643e+00	
1043	-4.30000e-01	-5.16643e+00	
1044	-4.40000e-01	-5.16643e+00	
1045	-4.50000e-01	-5.16643e+00	
1046	-4.60000e-01	-5.16643e+00	
1047	-4.70000e-01	-5.16643e+00	
1048	-4.80000e-01	-5.16643e+00	
1049	-4.90000e-01	-5.16643e+00	
1050	-5.00000e-01	-5.16643e+00	
1051	-5.10000e-01	-5.16643e+00	
1052	-5.20000e-01	-5.16643e+00	
1053	-5.30000e-01	-5.16643e+00	
1054	-5.40000e-01	-5.16643e+00	
1055	-5.50000e-01	-5.16643e+00	
1056	-5.60000e-01	-5.16643e+00	
1057	-5.70000e-01	-5.16643e+00	
1058	-5.80000e-01	-5.16643e+00	
1059	-5.90000e-01	-5.16643e+00	
1060	-6.00000e-01	-5.16643e+00	
1061	-6.10000e-01	-5.16643e+00	
1062	-6.20000e-01	-5.16643e+00	
1063	-6.30000e-01	-5.16643e+00	
1064	-6.40000e-01	-5.16643e+00	
1065	-6.50000e-01	-5.16643e+00	
1066	-6.60000e-01	-5.16643e+00	
1067	-6.70000e-01	-5.16643e+00	
1068	-6.80000e-01	-5.16643e+00	
1069	-6.90000e-01	-5.16643e+00	
1070	-7.00000e-01	-5.16643e+00	
1071	-7.10000e-01	-5.16643e+00	
1072	-7.20000e-01	-5.16643e+00	
1073	-7.30000e-01	-5.16643e+00	
1074	-7.40000e-01	-5.16643e+00	
1075	-7.50000e-01	-5.16643e+00	
1076	-7.60000e-01	-5.16643e+00	
1077	-7.70000e-01	-5.16643e+00	
1078	-7.80000e-01	-5.16643e+00	
1079	-7.90000e-01	-5.16643e+00	
1080	-8.00000e-01	-5.16643e+00	
1081	-8.10000e-01	-5.16643e+00	
1082	-8.20000e-01	-5.16643e+00	
1083	-8.30000e-01	-5.16643e+00	
1084	-8.40000e-01	-5.16643e+00	
1085	-8.50000e-01	-5.16643e+00	
1086	-8.60000e-01	-5.16643e+00	
1087	-8.70000e-01	-5.16643e+00	
1088	-8.80000e-01	-5.16643e+00	
1089	-8.90000e-01	-5.16643e+00	
1090	-9.00000e-01	-5.16643e+00	
1091	-9.10000e-01	-5.16643e+00	
1092	-9.20000e-01	-5.16643e+00	
1093	-9.30000e-01	-5.16643e+00	
1094	-9.40000e-01	-5.16643e+00	
1095	-9.50000e-01	-5.16643e+00	
1096	-9.60000e-01	-5.16643e+00	
1097	-9.70000e-01	-5.16643e+00	
1098	-9.80000e-01	-5.16643e+00	

Index   v-sweep         v(8)            
--------------------------------------------------------------------------------
1099	-9.90000e-01	-5.16643e+00	
1100	-1.00000e+00	-5.16643e+00	
1101	-1.01000e+00	-5.16643e+00	
1102	-1.02000e+00	-5.16643e+00	
1103	-1.03000e+00	-5.16643e+00	
1104	-1.04000e+00	-5.16643e+00	
1105	-1.05000e+00	-5.16643e+00	
1106	-1.06000e+00	-5.16643e+00	
1107	-1.07000e+00	-5.16643e+00	
1108	-1.08000e+00	-5.16643e+00	
1109	-1.09000e+00	-5.16643e+00	
1110	-1.10000e+00	-5.16643e+00	
1111	-1.11000e+00	-5.16643e+00	
1112	-1.12000e+00	-5.16643e+00	
1113	-1.13000e+00	-5.16643e+00	
1114	-1.14000e+00	-5.16643e+00	
1115	-1.15000e+00	-5.16643e+00	
1116	-1.16000e+00	-5.16643e+00	
1117	-1.17000e+00	-5.16643e+00	
1118	-1.18000e+00	-5.16643e+00	
1119	-1.19000e+00	-5.16643e+00	
1120	-1.20000e+00	-5.16643e+00	
1121	-1.21000e+00	-5.16643e+00	
1122	-1.22000e+00	-5.16643e+00	
1123	-1.23000e+00	-5.16643e+00	
1124	-1.24000e+00	-5.16643e+00	
1125	-1.25000e+00	-5.16643e+00	
1126	-1.26000e+00	-5.16643e+00	
1127	-1.27000e+00	-5.16643e+00	
1128	-1.28000e+00	-5.16643e+00	
1129	-1.29000e+00	-5.16643e+00	
1130	-1.30000e+00	-5.16643e+00	
1131	-1.31000e+00	-5.16643e+00	
1132	-1.32000e+00	-5.16643e+00	
1133	-1.33000e+00	-5.16643e+00	
1134	-1.34000e+00	-5.16643e+00	
1135	-1.35000e+00	-5.16643e+00	
1136	-1.36000e+00	-5.16643e+00	
1137	-1.37000e+00	-5.16643e+00	
1138	-1.38000e+00	-5.16643e+00	
1139	-1.39000e+00	-5.16643e+00	
1140	-1.40000e+00	-5.16643e+00	
1141	-1.41000e+00	-5.16643e+00	
1142	-1.42000e+00	-5.16643e+00	
1143	-1.43000e+00	-5.16643e+00	
1144	-1.44000e+00	-5.16643e+00	
1145	-1.45000e+00	-5.16643e+00	
1146	-1.46000e+00	-5.16643e+00	
1147	-1.47000e+00	-5.16643e+00	
1148	-1.48000e+00	-5.16643e+00	
1149	-1.49000e+00	-5.16643e+00	
1150	-1.50000e+00	-5.16643e+00	
1151	-1.51000e+00	-5.16643e+00	
1152	-1.52000e+00	-5.16643e+00	
1153	-1.53000e+00	-5.16643e+00	
1154	-1.54000e+00	-5.16643e+00	
1155	-1.55000e+00	-5.16643e+00	
1156	-1.56000e+00	-5.16643e+00	

Index   v-sweep         v(8)            
--------------------------------------------------------------------------------
1157	-1.57000e+00	-5.16643e+00	
1158	-1.58000e+00	-5.16643e+00	
1159	-1.59000e+00	-5.16643e+00	
1160	-1.60000e+00	-5.16643e+00	
1161	-1.61000e+00	-5.16643e+00	
1162	-1.62000e+00	-5.16643e+00	
1163	-1.63000e+00	-5.16643e+00	
1164	-1.64000e+00	-5.16643e+00	
1165	-1.65000e+00	-5.16643e+00	
1166	-1.66000e+00	-5.16643e+00	
1167	-1.67000e+00	-5.16643e+00	
1168	-1.68000e+00	-5.16643e+00	
1169	-1.69000e+00	-5.16643e+00	
1170	-1.70000e+00	-5.16643e+00	
1171	-1.71000e+00	-5.16643e+00	
1172	-1.72000e+00	-5.16643e+00	
1173	-1.73000e+00	-5.16643e+00	
1174	-1.74000e+00	-5.16643e+00	
1175	-1.75000e+00	-5.16643e+00	
1176	-1.76000e+00	-5.16643e+00	
1177	-1.77000e+00	-5.16643e+00	
1178	-1.78000e+00	-5.16643e+00	
1179	-1.79000e+00	-5.16643e+00	
1180	-1.80000e+00	-5.16643e+00	
1181	-1.81000e+00	-5.16643e+00	
1182	-1.82000e+00	-5.16643e+00	
1183	-1.83000e+00	-5.16643e+00	
1184	-1.84000e+00	-5.16643e+00	
1185	-1.85000e+00	-5.16643e+00	
1186	-1.86000e+00	-5.16643e+00	
1187	-1.87000e+00	-5.16643e+00	
1188	-1.88000e+00	-5.16643e+00	
1189	-1.89000e+00	-5.16643e+00	
1190	-1.90000e+00	-5.16643e+00	
1191	-1.91000e+00	-5.16643e+00	
1192	-1.92000e+00	-5.16643e+00	
1193	-1.93000e+00	-5.16643e+00	
1194	-1.94000e+00	-5.16643e+00	
1195	-1.95000e+00	-5.16643e+00	
1196	-1.96000e+00	-5.16643e+00	
1197	-1.97000e+00	-5.16643e+00	
1198	-1.98000e+00	-5.16643e+00	
1199	-1.99000e+00	-5.16643e+00	
1200	-2.00000e+00	-5.16643e+00	
1201	-2.01000e+00	-5.16643e+00	
1202	-2.02000e+00	-5.16643e+00	
1203	-2.03000e+00	-5.16643e+00	
1204	-2.04000e+00	-5.16643e+00	
1205	-2.05000e+00	-5.16643e+00	
1206	-2.06000e+00	-5.16643e+00	
1207	-2.07000e+00	-5.16643e+00	
1208	-2.08000e+00	-5.16643e+00	
1209	-2.09000e+00	-5.16643e+00	
1210	-2.10000e+00	-5.16643e+00	
1211	-2.11000e+00	-5.16643e+00	
1212	-2.12000e+00	-5.16643e+00	
1213	-2.13000e+00	-5.16643e+00	
1214	-2.14000e+00	-5.16643e+00	

Index   v-sweep         v(8)            
--------------------------------------------------------------------------------
1215	-2.15000e+00	-5.16643e+00	
1216	-2.16000e+00	-5.16643e+00	
1217	-2.17000e+00	-5.16643e+00	
1218	-2.18000e+00	-5.16643e+00	
1219	-2.19000e+00	-5.16643e+00	
1220	-2.20000e+00	-5.16643e+00	
1221	-2.21000e+00	-5.16643e+00	
1222	-2.22000e+00	-5.16643e+00	
1223	-2.23000e+00	-5.16643e+00	
1224	-2.24000e+00	-5.16643e+00	
1225	-2.25000e+00	-5.16643e+00	
1226	-2.26000e+00	-5.16643e+00	
1227	-2.27000e+00	-5.16643e+00	
1228	-2.28000e+00	-5.16643e+00	
1229	-2.29000e+00	-5.16643e+00	
1230	-2.30000e+00	-5.16643e+00	
1231	-2.31000e+00	-5.16643e+00	
1232	-2.32000e+00	-5.16643e+00	
1233	-2.33000e+00	-5.16643e+00	
1234	-2.34000e+00	-5.16643e+00	
1235	-2.35000e+00	-5.16643e+00	
1236	-2.36000e+00	-5.16643e+00	
1237	-2.37000e+00	-5.16643e+00	
1238	-2.38000e+00	-5.16643e+00	
1239	-2.39000e+00	-5.16643e+00	
1240	-2.40000e+00	-5.16643e+00	
1241	-2.41000e+00	-5.16643e+00	
1242	-2.42000e+00	-5.16643e+00	
1243	-2.43000e+00	-5.16643e+00	
1244	-2.44000e+00	-5.16643e+00	
1245	-2.45000e+00	-5.16643e+00	
1246	-2.46000e+00	-5.16643e+00	
1247	-2.47000e+00	-5.16643e+00	
1248	-2.48000e+00	-5.16643e+00	
1249	-2.49000e+00	-5.16643e+00	
1250	-2.50000e+00	-5.16643e+00	
1251	-2.51000e+00	-5.16643e+00	
1252	-2.52000e+00	-5.16643e+00	
1253	-2.53000e+00	-5.16643e+00	
1254	-2.54000e+00	-5.16643e+00	
1255	-2.55000e+00	-5.16643e+00	
1256	-2.56000e+00	-5.16643e+00	
1257	-2.57000e+00	-5.16643e+00	
1258	-2.58000e+00	-5.16643e+00	
1259	-2.59000e+00	-5.16643e+00	
1260	-2.60000e+00	-5.16643e+00	
1261	-2.61000e+00	-5.16643e+00	
1262	-2.62000e+00	-5.16643e+00	
1263	-2.63000e+00	-5.16643e+00	
1264	-2.64000e+00	-5.16643e+00	
1265	-2.65000e+00	-5.16643e+00	
1266	-2.66000e+00	-5.16643e+00	
1267	-2.67000e+00	-5.16643e+00	
1268	-2.68000e+00	-5.16643e+00	
1269	-2.69000e+00	-5.16643e+00	
1270	-2.70000e+00	-5.16643e+00	
1271	-2.71000e+00	-5.16643e+00	
1272	-2.72000e+00	-5.16643e+00	

Index   v-sweep         v(8)            
--------------------------------------------------------------------------------
1273	-2.73000e+00	-5.16643e+00	
1274	-2.74000e+00	-5.16643e+00	
1275	-2.75000e+00	-5.16643e+00	
1276	-2.76000e+00	-5.16643e+00	
1277	-2.77000e+00	-5.16643e+00	
1278	-2.78000e+00	-5.16643e+00	
1279	-2.79000e+00	-5.16643e+00	
1280	-2.80000e+00	-5.16643e+00	
1281	-2.81000e+00	-5.16643e+00	
1282	-2.82000e+00	-5.16643e+00	
1283	-2.83000e+00	-5.16643e+00	
1284	-2.84000e+00	-5.16643e+00	
1285	-2.85000e+00	-5.16643e+00	
1286	-2.86000e+00	-5.16643e+00	
1287	-2.87000e+00	-5.16643e+00	
1288	-2.88000e+00	-5.16643e+00	
1289	-2.89000e+00	-5.16643e+00	
1290	-2.90000e+00	-5.16643e+00	
1291	-2.91000e+00	-5.16643e+00	
1292	-2.92000e+00	-5.16643e+00	
1293	-2.93000e+00	-5.16643e+00	
1294	-2.94000e+00	-5.16643e+00	
1295	-2.95000e+00	-5.16643e+00	
1296	-2.96000e+00	-5.16643e+00	
1297	-2.97000e+00	-5.16643e+00	
1298	-2.98000e+00	-5.16643e+00	
1299	-2.99000e+00	-5.16643e+00	
1300	-3.00000e+00	-5.16643e+00	
1301	-3.01000e+00	-5.16643e+00	
1302	-3.02000e+00	-5.16643e+00	
1303	-3.03000e+00	-5.16643e+00	
1304	-3.04000e+00	-5.16643e+00	
1305	-3.05000e+00	-5.16643e+00	
1306	-3.06000e+00	-5.16643e+00	
1307	-3.07000e+00	-5.16643e+00	
1308	-3.08000e+00	-5.16643e+00	
1309	-3.09000e+00	-5.16643e+00	
1310	-3.10000e+00	-5.16643e+00	
1311	-3.11000e+00	-5.16643e+00	
1312	-3.12000e+00	-5.16643e+00	
1313	-3.13000e+00	-5.16643e+00	
1314	-3.14000e+00	-5.16643e+00	
1315	-3.15000e+00	-5.16643e+00	
1316	-3.16000e+00	-5.16643e+00	
1317	-3.17000e+00	-5.16643e+00	
1318	-3.18000e+00	-5.16643e+00	
1319	-3.19000e+00	-5.16643e+00	
1320	-3.20000e+00	-5.16643e+00	
1321	-3.21000e+00	-5.16643e+00	
1322	-3.22000e+00	-5.16643e+00	
1323	-3.23000e+00	-5.16643e+00	
1324	-3.24000e+00	-5.16643e+00	
1325	-3.25000e+00	-5.16643e+00	
1326	-3.26000e+00	-5.16643e+00	
1327	-3.27000e+00	-5.16643e+00	
1328	-3.28000e+00	-5.16643e+00	
1329	-3.29000e+00	-5.16643e+00	
1330	-3.30000e+00	-5.16643e+00	

Index   v-sweep         v(8)            
--------------------------------------------------------------------------------
1331	-3.31000e+00	-5.16643e+00	
1332	-3.32000e+00	-5.16643e+00	
1333	-3.33000e+00	-5.16643e+00	
1334	-3.34000e+00	-5.16643e+00	
1335	-3.35000e+00	-5.16643e+00	
1336	-3.36000e+00	-5.16643e+00	
1337	-3.37000e+00	-5.16643e+00	
1338	-3.38000e+00	-5.16643e+00	
1339	-3.39000e+00	-5.16643e+00	
1340	-3.40000e+00	-5.16643e+00	
1341	-3.41000e+00	-5.16643e+00	
1342	-3.42000e+00	-5.16643e+00	
1343	-3.43000e+00	-5.16643e+00	
1344	-3.44000e+00	-5.16643e+00	
1345	-3.45000e+00	-5.16643e+00	
1346	-3.46000e+00	-5.16643e+00	
1347	-3.47000e+00	-5.16643e+00	
1348	-3.48000e+00	-5.16643e+00	
1349	-3.49000e+00	-5.16643e+00	
1350	-3.50000e+00	-5.16643e+00	
1351	-3.51000e+00	-5.16643e+00	
1352	-3.52000e+00	-5.16643e+00	
1353	-3.53000e+00	-5.16643e+00	
1354	-3.54000e+00	-5.16643e+00	
1355	-3.55000e+00	-5.16643e+00	
1356	-3.56000e+00	-5.16643e+00	
1357	-3.57000e+00	-5.16643e+00	
1358	-3.58000e+00	-5.16643e+00	
1359	-3.59000e+00	-5.16643e+00	
1360	-3.60000e+00	-5.16643e+00	
1361	-3.61000e+00	-5.16643e+00	
1362	-3.62000e+00	-5.16643e+00	
1363	-3.63000e+00	-5.16643e+00	
1364	-3.64000e+00	-5.16643e+00	
1365	-3.65000e+00	-5.16643e+00	
1366	-3.66000e+00	-5.16643e+00	
1367	-3.67000e+00	-5.16643e+00	
1368	-3.68000e+00	-5.16643e+00	
1369	-3.69000e+00	-5.16643e+00	
1370	-3.70000e+00	-5.16643e+00	
1371	-3.71000e+00	-5.16643e+00	
1372	-3.72000e+00	-5.16643e+00	
1373	-3.73000e+00	-5.16643e+00	
1374	-3.74000e+00	-5.16643e+00	
1375	-3.75000e+00	-5.16643e+00	
1376	-3.76000e+00	-5.16643e+00	
1377	-3.77000e+00	-5.16643e+00	
1378	-3.78000e+00	-5.16643e+00	
1379	-3.79000e+00	-5.16643e+00	
1380	-3.80000e+00	-5.16643e+00	
1381	-3.81000e+00	-5.16643e+00	
1382	-3.82000e+00	-5.16643e+00	
1383	-3.83000e+00	-5.16643e+00	
1384	-3.84000e+00	-5.16643e+00	
1385	-3.85000e+00	-5.16643e+00	
1386	-3.86000e+00	-5.16643e+00	
1387	-3.87000e+00	-5.16643e+00	
1388	-3.88000e+00	-5.16643e+00	

Index   v-sweep         v(8)            
--------------------------------------------------------------------------------
1389	-3.89000e+00	-5.16643e+00	
1390	-3.90000e+00	-5.16643e+00	
1391	-3.91000e+00	-5.16643e+00	
1392	-3.92000e+00	-5.16643e+00	
1393	-3.93000e+00	-5.16643e+00	
1394	-3.94000e+00	-5.16643e+00	
1395	-3.95000e+00	-5.16643e+00	
1396	-3.96000e+00	-5.16643e+00	
1397	-3.97000e+00	-5.16643e+00	
1398	-3.98000e+00	-5.16643e+00	
1399	-3.99000e+00	-5.16643e+00	
1400	-4.00000e+00	-5.16643e+00	
1401	-4.01000e+00	-5.16643e+00	
1402	-4.02000e+00	-5.16643e+00	
1403	-4.03000e+00	-5.16643e+00	
1404	-4.04000e+00	-5.16643e+00	
1405	-4.05000e+00	-5.16643e+00	
1406	-4.06000e+00	-5.16643e+00	
1407	-4.07000e+00	-5.16643e+00	
1408	-4.08000e+00	-5.16643e+00	
1409	-4.09000e+00	-5.16643e+00	
1410	-4.10000e+00	-5.16643e+00	
1411	-4.11000e+00	-5.16643e+00	
1412	-4.12000e+00	-5.16643e+00	
1413	-4.13000e+00	-5.16643e+00	
1414	-4.14000e+00	-5.16643e+00	
1415	-4.15000e+00	-5.16643e+00	
1416	-4.16000e+00	-5.16643e+00	
1417	-4.17000e+00	-5.16643e+00	
1418	-4.18000e+00	-5.16643e+00	
1419	-4.19000e+00	-5.16643e+00	
1420	-4.20000e+00	-5.16643e+00	
1421	-4.21000e+00	-5.16643e+00	
1422	-4.22000e+00	-5.16643e+00	
1423	-4.23000e+00	-5.16643e+00	
1424	-4.24000e+00	-5.16643e+00	
1425	-4.25000e+00	-5.16643e+00	
1426	-4.26000e+00	-5.16643e+00	
1427	-4.27000e+00	-5.16643e+00	
1428	-4.28000e+00	-5.16643e+00	
1429	-4.29000e+00	-5.16643e+00	
1430	-4.30000e+00	-5.16643e+00	
1431	-4.31000e+00	-5.16643e+00	
1432	-4.32000e+00	-5.16643e+00	
1433	-4.33000e+00	-5.16643e+00	
1434	-4.34000e+00	-5.16643e+00	
1435	-4.35000e+00	-5.16643e+00	
1436	-4.36000e+00	-5.16643e+00	
1437	-4.37000e+00	-5.16643e+00	
1438	-4.38000e+00	-5.16643e+00	
1439	-4.39000e+00	-5.16643e+00	
1440	-4.40000e+00	-5.16643e+00	
1441	-4.41000e+00	-5.16643e+00	
1442	-4.42000e+00	-5.16643e+00	
1443	-4.43000e+00	-5.16643e+00	
1444	-4.44000e+00	-5.16643e+00	
1445	-4.45000e+00	-5.16643e+00	
1446	-4.46000e+00	-5.16643e+00	

Index   v-sweep         v(8)            
--------------------------------------------------------------------------------
1447	-4.47000e+00	-5.16643e+00	
1448	-4.48000e+00	-5.16643e+00	
1449	-4.49000e+00	-5.16643e+00	
1450	-4.50000e+00	-5.16643e+00	
1451	-4.51000e+00	-5.16643e+00	
1452	-4.52000e+00	-5.16643e+00	
1453	-4.53000e+00	-5.16643e+00	
1454	-4.54000e+00	-5.16643e+00	
1455	-4.55000e+00	-5.16643e+00	
1456	-4.56000e+00	-5.16643e+00	
1457	-4.57000e+00	-5.16643e+00	
1458	-4.58000e+00	-5.16643e+00	
1459	-4.59000e+00	-5.16643e+00	
1460	-4.60000e+00	-5.16643e+00	
1461	-4.61000e+00	-5.16643e+00	
1462	-4.62000e+00	-5.16643e+00	
1463	-4.63000e+00	-5.16643e+00	
1464	-4.64000e+00	-5.16643e+00	
1465	-4.65000e+00	-5.16643e+00	
1466	-4.66000e+00	-5.16643e+00	
1467	-4.67000e+00	-5.16643e+00	
1468	-4.68000e+00	-5.16643e+00	
1469	-4.69000e+00	-5.16643e+00	
1470	-4.70000e+00	-5.16643e+00	
1471	-4.71000e+00	-5.16643e+00	
1472	-4.72000e+00	-5.16643e+00	
1473	-4.73000e+00	-5.16643e+00	
1474	-4.74000e+00	-5.16643e+00	
1475	-4.75000e+00	-5.16643e+00	
1476	-4.76000e+00	-5.16643e+00	
1477	-4.77000e+00	-5.16643e+00	
1478	-4.78000e+00	-5.16643e+00	
1479	-4.79000e+00	-5.16643e+00	
1480	-4.80000e+00	-5.16643e+00	
1481	-4.81000e+00	-5.16643e+00	
1482	-4.82000e+00	-5.16643e+00	
1483	-4.83000e+00	-5.16643e+00	
1484	-4.84000e+00	-5.16643e+00	
1485	-4.85000e+00	-5.16643e+00	
1486	-4.86000e+00	-5.16643e+00	
1487	-4.87000e+00	-5.16643e+00	
1488	-4.88000e+00	-5.16643e+00	
1489	-4.89000e+00	-5.16643e+00	
1490	-4.90000e+00	-5.16643e+00	
1491	-4.91000e+00	-5.16643e+00	
1492	-4.92000e+00	-5.16643e+00	
1493	-4.93000e+00	-5.16643e+00	
1494	-4.94000e+00	-5.16643e+00	
1495	-4.95000e+00	-5.16643e+00	
1496	-4.96000e+00	-5.16643e+00	
1497	-4.97000e+00	-5.16643e+00	
1498	-4.98000e+00	-5.16643e+00	
1499	-4.99000e+00	-5.16643e+00	
1500	-5.00000e+00	-5.16643e+00	
1501	-5.01000e+00	-5.16643e+00	
1502	-5.02000e+00	-5.16643e+00	
1503	-5.03000e+00	-5.16643e+00	
1504	-5.04000e+00	-5.16643e+00	

Index   v-sweep         v(8)            
--------------------------------------------------------------------------------
1505	-5.05000e+00	-5.16643e+00	
1506	-5.06000e+00	-5.16643e+00	
1507	-5.07000e+00	-5.16643e+00	
1508	-5.08000e+00	-5.16643e+00	
1509	-5.09000e+00	-5.16643e+00	
1510	-5.10000e+00	-5.16643e+00	
1511	-5.11000e+00	-5.16644e+00	
1512	-5.12000e+00	-5.16644e+00	
1513	-5.13000e+00	-5.16644e+00	
1514	-5.14000e+00	-5.16644e+00	
1515	-5.15000e+00	-5.16644e+00	
1516	-5.16000e+00	-5.16644e+00	
1517	-5.17000e+00	5.166411e+00	
1518	-5.18000e+00	5.166752e+00	
1519	-5.19000e+00	5.166418e+00	
1520	-5.20000e+00	5.166413e+00	
1521	-5.21000e+00	5.166411e+00	
1522	-5.22000e+00	5.166411e+00	
1523	-5.23000e+00	5.166411e+00	
1524	-5.24000e+00	5.166411e+00	
1525	-5.25000e+00	5.166411e+00	
1526	-5.26000e+00	5.166411e+00	
1527	-5.27000e+00	5.166411e+00	
1528	-5.28000e+00	5.166411e+00	
1529	-5.29000e+00	5.166411e+00	
1530	-5.30000e+00	5.166411e+00	
1531	-5.31000e+00	5.166411e+00	
1532	-5.32000e+00	5.166411e+00	
1533	-5.33000e+00	5.166411e+00	
1534	-5.34000e+00	5.166411e+00	
1535	-5.35000e+00	5.166411e+00	
1536	-5.36000e+00	5.166411e+00	
1537	-5.37000e+00	5.166411e+00	
1538	-5.38000e+00	5.166411e+00	
1539	-5.39000e+00	5.166411e+00	
1540	-5.40000e+00	5.166411e+00	
1541	-5.41000e+00	5.166411e+00	
1542	-5.42000e+00	5.166411e+00	
1543	-5.43000e+00	5.166411e+00	
1544	-5.44000e+00	5.166411e+00	
1545	-5.45000e+00	5.166411e+00	
1546	-5.46000e+00	5.166411e+00	
1547	-5.47000e+00	5.166411e+00	
1548	-5.48000e+00	5.166411e+00	
1549	-5.49000e+00	5.166411e+00	
1550	-5.50000e+00	5.166411e+00	
1551	-5.51000e+00	5.166411e+00	
1552	-5.52000e+00	5.166411e+00	
1553	-5.53000e+00	5.166411e+00	
1554	-5.54000e+00	5.166411e+00	
1555	-5.55000e+00	5.166411e+00	
1556	-5.56000e+00	5.166411e+00	
1557	-5.57000e+00	5.166411e+00	
1558	-5.58000e+00	5.166411e+00	
1559	-5.59000e+00	5.166411e+00	
1560	-5.60000e+00	5.166411e+00	
1561	-5.61000e+00	5.166411e+00	
1562	-5.62000e+00	5.166411e+00	

Index   v-sweep         v(8)            
--------------------------------------------------------------------------------
1563	-5.63000e+00	5.166411e+00	
1564	-5.64000e+00	5.166411e+00	
1565	-5.65000e+00	5.166411e+00	
1566	-5.66000e+00	5.166411e+00	
1567	-5.67000e+00	5.166411e+00	
1568	-5.68000e+00	5.166411e+00	
1569	-5.69000e+00	5.166411e+00	
1570	-5.70000e+00	5.166411e+00	
1571	-5.71000e+00	5.166411e+00	
1572	-5.72000e+00	5.166411e+00	
1573	-5.73000e+00	5.166411e+00	
1574	-5.74000e+00	5.166411e+00	
1575	-5.75000e+00	5.166411e+00	
1576	-5.76000e+00	5.166411e+00	
1577	-5.77000e+00	5.166411e+00	
1578	-5.78000e+00	5.166411e+00	
1579	-5.79000e+00	5.166411e+00	
1580	-5.80000e+00	5.166411e+00	
1581	-5.81000e+00	5.166411e+00	
1582	-5.82000e+00	5.166411e+00	
1583	-5.83000e+00	5.166411e+00	
1584	-5.84000e+00	5.166411e+00	
1585	-5.85000e+00	5.166411e+00	
1586	-5.86000e+00	5.166411e+00	
1587	-5.87000e+00	5.166411e+00	
1588	-5.88000e+00	5.166411e+00	
1589	-5.89000e+00	5.166411e+00	
1590	-5.90000e+00	5.166411e+00	
1591	-5.91000e+00	5.166411e+00	
1592	-5.92000e+00	5.166411e+00	
1593	-5.93000e+00	5.166411e+00	
1594	-5.94000e+00	5.166411e+00	
1595	-5.95000e+00	5.166411e+00	
1596	-5.96000e+00	5.166411e+00	
1597	-5.97000e+00	5.166411e+00	
1598	-5.98000e+00	5.166411e+00	
1599	-5.99000e+00	5.166411e+00	
1600	-6.00000e+00	5.166411e+00	
1601	-6.01000e+00	5.166411e+00	
1602	-6.02000e+00	5.166411e+00	
1603	-6.03000e+00	5.166411e+00	
1604	-6.04000e+00	5.166411e+00	
1605	-6.05000e+00	5.166411e+00	
1606	-6.06000e+00	5.166411e+00	
1607	-6.07000e+00	5.166411e+00	
1608	-6.08000e+00	5.166411e+00	
1609	-6.09000e+00	5.166411e+00	
1610	-6.10000e+00	5.166411e+00	
1611	-6.11000e+00	5.166411e+00	
1612	-6.12000e+00	5.166411e+00	
1613	-6.13000e+00	5.166411e+00	
1614	-6.14000e+00	5.166411e+00	
1615	-6.15000e+00	5.166411e+00	
1616	-6.16000e+00	5.166411e+00	
1617	-6.17000e+00	5.166411e+00	
1618	-6.18000e+00	5.166411e+00	
1619	-6.19000e+00	5.166411e+00	
1620	-6.20000e+00	5.166411e+00	

Index   v-sweep         v(8)            
--------------------------------------------------------------------------------
1621	-6.21000e+00	5.166411e+00	
1622	-6.22000e+00	5.166411e+00	
1623	-6.23000e+00	5.166411e+00	
1624	-6.24000e+00	5.166411e+00	
1625	-6.25000e+00	5.166411e+00	
1626	-6.26000e+00	5.166411e+00	
1627	-6.27000e+00	5.166411e+00	
1628	-6.28000e+00	5.166411e+00	
1629	-6.29000e+00	5.166411e+00	
1630	-6.30000e+00	5.166411e+00	
1631	-6.31000e+00	5.166411e+00	
1632	-6.32000e+00	5.166411e+00	
1633	-6.33000e+00	5.166411e+00	
1634	-6.34000e+00	5.166411e+00	
1635	-6.35000e+00	5.166411e+00	
1636	-6.36000e+00	5.166411e+00	
1637	-6.37000e+00	5.166411e+00	
1638	-6.38000e+00	5.166411e+00	
1639	-6.39000e+00	5.166411e+00	
1640	-6.40000e+00	5.166411e+00	
1641	-6.41000e+00	5.166411e+00	
1642	-6.42000e+00	5.166411e+00	
1643	-6.43000e+00	5.166411e+00	
1644	-6.44000e+00	5.166411e+00	
1645	-6.45000e+00	5.166411e+00	
1646	-6.46000e+00	5.166411e+00	
1647	-6.47000e+00	5.166411e+00	
1648	-6.48000e+00	5.166411e+00	
1649	-6.49000e+00	5.166411e+00	
1650	-6.50000e+00	5.166411e+00	
1651	-6.51000e+00	5.166411e+00	
1652	-6.52000e+00	5.166411e+00	
1653	-6.53000e+00	5.166411e+00	
1654	-6.54000e+00	5.166411e+00	
1655	-6.55000e+00	5.166411e+00	
1656	-6.56000e+00	5.166411e+00	
1657	-6.57000e+00	5.166411e+00	
1658	-6.58000e+00	5.166411e+00	
1659	-6.59000e+00	5.166411e+00	
1660	-6.60000e+00	5.166411e+00	
1661	-6.61000e+00	5.166411e+00	
1662	-6.62000e+00	5.166411e+00	
1663	-6.63000e+00	5.166411e+00	
1664	-6.64000e+00	5.166411e+00	
1665	-6.65000e+00	5.166411e+00	
1666	-6.66000e+00	5.166411e+00	
1667	-6.67000e+00	5.166411e+00	
1668	-6.68000e+00	5.166411e+00	
1669	-6.69000e+00	5.166411e+00	
1670	-6.70000e+00	5.166411e+00	
1671	-6.71000e+00	5.166411e+00	
1672	-6.72000e+00	5.166411e+00	
1673	-6.73000e+00	5.166411e+00	
1674	-6.74000e+00	5.166411e+00	
1675	-6.75000e+00	5.166411e+00	
1676	-6.76000e+00	5.166411e+00	
1677	-6.77000e+00	5.166411e+00	
1678	-6.78000e+00	5.166411e+00	

Index   v-sweep         v(8)            
--------------------------------------------------------------------------------
1679	-6.79000e+00	5.166411e+00	
1680	-6.80000e+00	5.166411e+00	
1681	-6.81000e+00	5.166411e+00	
1682	-6.82000e+00	5.166411e+00	
1683	-6.83000e+00	5.166411e+00	
1684	-6.84000e+00	5.166411e+00	
1685	-6.85000e+00	5.166411e+00	
1686	-6.86000e+00	5.166411e+00	
1687	-6.87000e+00	5.166411e+00	
1688	-6.88000e+00	5.166411e+00	
1689	-6.89000e+00	5.166411e+00	
1690	-6.90000e+00	5.166411e+00	
1691	-6.91000e+00	5.166411e+00	
1692	-6.92000e+00	5.166411e+00	
1693	-6.93000e+00	5.166411e+00	
1694	-6.94000e+00	5.166411e+00	
1695	-6.95000e+00	5.166411e+00	
1696	-6.96000e+00	5.166411e+00	
1697	-6.97000e+00	5.166411e+00	
1698	-6.98000e+00	5.166411e+00	
1699	-6.99000e+00	5.166411e+00	
1700	-7.00000e+00	5.166411e+00	
1701	-7.01000e+00	5.166411e+00	
1702	-7.02000e+00	5.166411e+00	
1703	-7.03000e+00	5.166411e+00	
1704	-7.04000e+00	5.166411e+00	
1705	-7.05000e+00	5.166411e+00	
1706	-7.06000e+00	5.166411e+00	
1707	-7.07000e+00	5.166411e+00	
1708	-7.08000e+00	5.166411e+00	
1709	-7.09000e+00	5.166411e+00	
1710	-7.10000e+00	5.166411e+00	
1711	-7.11000e+00	5.166411e+00	
1712	-7.12000e+00	5.166411e+00	
1713	-7.13000e+00	5.166411e+00	
1714	-7.14000e+00	5.166411e+00	
1715	-7.15000e+00	5.166411e+00	
1716	-7.16000e+00	5.166411e+00	
1717	-7.17000e+00	5.166411e+00	
1718	-7.18000e+00	5.166411e+00	
1719	-7.19000e+00	5.166411e+00	
1720	-7.20000e+00	5.166411e+00	
1721	-7.21000e+00	5.166411e+00	
1722	-7.22000e+00	5.166411e+00	
1723	-7.23000e+00	5.166411e+00	
1724	-7.24000e+00	5.166411e+00	
1725	-7.25000e+00	5.166411e+00	
1726	-7.26000e+00	5.166411e+00	
1727	-7.27000e+00	5.166411e+00	
1728	-7.28000e+00	5.166411e+00	
1729	-7.29000e+00	5.166411e+00	
1730	-7.30000e+00	5.166411e+00	
1731	-7.31000e+00	5.166411e+00	
1732	-7.32000e+00	5.166411e+00	
1733	-7.33000e+00	5.166411e+00	
1734	-7.34000e+00	5.166411e+00	
1735	-7.35000e+00	5.166411e+00	
1736	-7.36000e+00	5.166411e+00	

Index   v-sweep         v(8)            
--------------------------------------------------------------------------------
1737	-7.37000e+00	5.166411e+00	
1738	-7.38000e+00	5.166411e+00	
1739	-7.39000e+00	5.166411e+00	
1740	-7.40000e+00	5.166411e+00	
1741	-7.41000e+00	5.166411e+00	
1742	-7.42000e+00	5.166411e+00	
1743	-7.43000e+00	5.166411e+00	
1744	-7.44000e+00	5.166411e+00	
1745	-7.45000e+00	5.166411e+00	
1746	-7.46000e+00	5.166411e+00	
1747	-7.47000e+00	5.166411e+00	
1748	-7.48000e+00	5.166411e+00	
1749	-7.49000e+00	5.166411e+00	
1750	-7.50000e+00	5.166411e+00	
1751	-7.51000e+00	5.166411e+00	
1752	-7.52000e+00	5.166411e+00	
1753	-7.53000e+00	5.166411e+00	
1754	-7.54000e+00	5.166411e+00	
1755	-7.55000e+00	5.166411e+00	
1756	-7.56000e+00	5.166411e+00	
1757	-7.57000e+00	5.166411e+00	
1758	-7.58000e+00	5.166411e+00	
1759	-7.59000e+00	5.166411e+00	
1760	-7.60000e+00	5.166411e+00	
1761	-7.61000e+00	5.166411e+00	
1762	-7.62000e+00	5.166411e+00	
1763	-7.63000e+00	5.166411e+00	
1764	-7.64000e+00	5.166411e+00	
1765	-7.65000e+00	5.166411e+00	
1766	-7.66000e+00	5.166411e+00	
1767	-7.67000e+00	5.166411e+00	
1768	-7.68000e+00	5.166411e+00	
1769	-7.69000e+00	5.166411e+00	
1770	-7.70000e+00	5.166411e+00	
1771	-7.71000e+00	5.166411e+00	
1772	-7.72000e+00	5.166411e+00	
1773	-7.73000e+00	5.166411e+00	
1774	-7.74000e+00	5.166411e+00	
1775	-7.75000e+00	5.166411e+00	
1776	-7.76000e+00	5.166411e+00	
1777	-7.77000e+00	5.166411e+00	
1778	-7.78000e+00	5.166411e+00	
1779	-7.79000e+00	5.166411e+00	
1780	-7.80000e+00	5.166411e+00	
1781	-7.81000e+00	5.166411e+00	
1782	-7.82000e+00	5.166411e+00	
1783	-7.83000e+00	5.166411e+00	
1784	-7.84000e+00	5.166411e+00	
1785	-7.85000e+00	5.166411e+00	
1786	-7.86000e+00	5.166411e+00	
1787	-7.87000e+00	5.166411e+00	
1788	-7.88000e+00	5.166411e+00	
1789	-7.89000e+00	5.166411e+00	
1790	-7.90000e+00	5.166411e+00	
1791	-7.91000e+00	5.166411e+00	
1792	-7.92000e+00	5.166411e+00	
1793	-7.93000e+00	5.166411e+00	
1794	-7.94000e+00	5.166411e+00	

Index   v-sweep         v(8)            
--------------------------------------------------------------------------------
1795	-7.95000e+00	5.166411e+00	
1796	-7.96000e+00	5.166411e+00	
1797	-7.97000e+00	5.166411e+00	
1798	-7.98000e+00	5.166411e+00	
1799	-7.99000e+00	5.166411e+00	
1800	-8.00000e+00	5.166411e+00	
1801	-8.01000e+00	5.166411e+00	
1802	-8.02000e+00	5.166411e+00	
1803	-8.03000e+00	5.166411e+00	
1804	-8.04000e+00	5.166411e+00	
1805	-8.05000e+00	5.166411e+00	
1806	-8.06000e+00	5.166411e+00	
1807	-8.07000e+00	5.166411e+00	
1808	-8.08000e+00	5.166411e+00	
1809	-8.09000e+00	5.166411e+00	
1810	-8.10000e+00	5.166411e+00	
1811	-8.11000e+00	5.166411e+00	
1812	-8.12000e+00	5.166411e+00	
1813	-8.13000e+00	5.166411e+00	
1814	-8.14000e+00	5.166411e+00	
1815	-8.15000e+00	5.166411e+00	
1816	-8.16000e+00	5.166411e+00	
1817	-8.17000e+00	5.166411e+00	
1818	-8.18000e+00	5.166411e+00	
1819	-8.19000e+00	5.166411e+00	
1820	-8.20000e+00	5.166411e+00	
1821	-8.21000e+00	5.166411e+00	
1822	-8.22000e+00	5.166411e+00	
1823	-8.23000e+00	5.166411e+00	
1824	-8.24000e+00	5.166411e+00	
1825	-8.25000e+00	5.166411e+00	
1826	-8.26000e+00	5.166411e+00	
1827	-8.27000e+00	5.166411e+00	
1828	-8.28000e+00	5.166411e+00	
1829	-8.29000e+00	5.166411e+00	
1830	-8.30000e+00	5.166411e+00	
1831	-8.31000e+00	5.166411e+00	
1832	-8.32000e+00	5.166411e+00	
1833	-8.33000e+00	5.166411e+00	
1834	-8.34000e+00	5.166411e+00	
1835	-8.35000e+00	5.166411e+00	
1836	-8.36000e+00	5.166411e+00	
1837	-8.37000e+00	5.166411e+00	
1838	-8.38000e+00	5.166411e+00	
1839	-8.39000e+00	5.166411e+00	
1840	-8.40000e+00	5.166411e+00	
1841	-8.41000e+00	5.166411e+00	
1842	-8.42000e+00	5.166411e+00	
1843	-8.43000e+00	5.166411e+00	
1844	-8.44000e+00	5.166411e+00	
1845	-8.45000e+00	5.166411e+00	
1846	-8.46000e+00	5.166411e+00	
1847	-8.47000e+00	5.166411e+00	
1848	-8.48000e+00	5.166411e+00	
1849	-8.49000e+00	5.166411e+00	
1850	-8.50000e+00	5.166411e+00	
1851	-8.51000e+00	5.166411e+00	
1852	-8.52000e+00	5.166411e+00	

Index   v-sweep         v(8)            
--------------------------------------------------------------------------------
1853	-8.53000e+00	5.166411e+00	
1854	-8.54000e+00	5.166411e+00	
1855	-8.55000e+00	5.166411e+00	
1856	-8.56000e+00	5.166411e+00	
1857	-8.57000e+00	5.166411e+00	
1858	-8.58000e+00	5.166411e+00	
1859	-8.59000e+00	5.166411e+00	
1860	-8.60000e+00	5.166411e+00	
1861	-8.61000e+00	5.166411e+00	
1862	-8.62000e+00	5.166411e+00	
1863	-8.63000e+00	5.166411e+00	
1864	-8.64000e+00	5.166411e+00	
1865	-8.65000e+00	5.166411e+00	
1866	-8.66000e+00	5.166411e+00	
1867	-8.67000e+00	5.166411e+00	
1868	-8.68000e+00	5.166411e+00	
1869	-8.69000e+00	5.166411e+00	
1870	-8.70000e+00	5.166411e+00	
1871	-8.71000e+00	5.166411e+00	
1872	-8.72000e+00	5.166411e+00	
1873	-8.73000e+00	5.166411e+00	
1874	-8.74000e+00	5.166411e+00	
1875	-8.75000e+00	5.166411e+00	
1876	-8.76000e+00	5.166411e+00	
1877	-8.77000e+00	5.166411e+00	
1878	-8.78000e+00	5.166411e+00	
1879	-8.79000e+00	5.166411e+00	
1880	-8.80000e+00	5.166411e+00	
1881	-8.81000e+00	5.166411e+00	
1882	-8.82000e+00	5.166411e+00	
1883	-8.83000e+00	5.166411e+00	
1884	-8.84000e+00	5.166411e+00	
1885	-8.85000e+00	5.166411e+00	
1886	-8.86000e+00	5.166411e+00	
1887	-8.87000e+00	5.166411e+00	
1888	-8.88000e+00	5.166411e+00	
1889	-8.89000e+00	5.166411e+00	
1890	-8.90000e+00	5.166411e+00	
1891	-8.91000e+00	5.166411e+00	
1892	-8.92000e+00	5.166411e+00	
1893	-8.93000e+00	5.166411e+00	
1894	-8.94000e+00	5.166411e+00	
1895	-8.95000e+00	5.166411e+00	
1896	-8.96000e+00	5.166411e+00	
1897	-8.97000e+00	5.166411e+00	
1898	-8.98000e+00	5.166411e+00	
1899	-8.99000e+00	5.166411e+00	
1900	-9.00000e+00	5.166411e+00	
1901	-9.01000e+00	5.166411e+00	
1902	-9.02000e+00	5.166411e+00	
1903	-9.03000e+00	5.166411e+00	
1904	-9.04000e+00	5.166411e+00	
1905	-9.05000e+00	5.166411e+00	
1906	-9.06000e+00	5.166411e+00	
1907	-9.07000e+00	5.166411e+00	
1908	-9.08000e+00	5.166411e+00	
1909	-9.09000e+00	5.166411e+00	
1910	-9.10000e+00	5.166411e+00	

Index   v-sweep         v(8)            
--------------------------------------------------------------------------------
1911	-9.11000e+00	5.166411e+00	
1912	-9.12000e+00	5.166411e+00	
1913	-9.13000e+00	5.166411e+00	
1914	-9.14000e+00	5.166411e+00	
1915	-9.15000e+00	5.166411e+00	
1916	-9.16000e+00	5.166411e+00	
1917	-9.17000e+00	5.166411e+00	
1918	-9.18000e+00	5.166411e+00	
1919	-9.19000e+00	5.166411e+00	
1920	-9.20000e+00	5.166411e+00	
1921	-9.21000e+00	5.166411e+00	
1922	-9.22000e+00	5.166411e+00	
1923	-9.23000e+00	5.166411e+00	
1924	-9.24000e+00	5.166411e+00	
1925	-9.25000e+00	5.166411e+00	
1926	-9.26000e+00	5.166411e+00	
1927	-9.27000e+00	5.166411e+00	
1928	-9.28000e+00	5.166411e+00	
1929	-9.29000e+00	5.166411e+00	
1930	-9.30000e+00	5.166411e+00	
1931	-9.31000e+00	5.166411e+00	
1932	-9.32000e+00	5.166411e+00	
1933	-9.33000e+00	5.166411e+00	
1934	-9.34000e+00	5.166411e+00	
1935	-9.35000e+00	5.166411e+00	
1936	-9.36000e+00	5.166411e+00	
1937	-9.37000e+00	5.166411e+00	
1938	-9.38000e+00	5.166411e+00	
1939	-9.39000e+00	5.166411e+00	
1940	-9.40000e+00	5.166411e+00	
1941	-9.41000e+00	5.166411e+00	
1942	-9.42000e+00	5.166411e+00	
1943	-9.43000e+00	5.166411e+00	
1944	-9.44000e+00	5.166411e+00	
1945	-9.45000e+00	5.166411e+00	
1946	-9.46000e+00	5.166411e+00	
1947	-9.47000e+00	5.166411e+00	
1948	-9.48000e+00	5.166411e+00	
1949	-9.49000e+00	5.166411e+00	
1950	-9.50000e+00	5.166411e+00	
1951	-9.51000e+00	5.166411e+00	
1952	-9.52000e+00	5.166411e+00	
1953	-9.53000e+00	5.166411e+00	
1954	-9.54000e+00	5.166411e+00	
1955	-9.55000e+00	5.166411e+00	
1956	-9.56000e+00	5.166411e+00	
1957	-9.57000e+00	5.166411e+00	
1958	-9.58000e+00	5.166411e+00	
1959	-9.59000e+00	5.166411e+00	
1960	-9.60000e+00	5.166411e+00	
1961	-9.61000e+00	5.166411e+00	
1962	-9.62000e+00	5.166411e+00	
1963	-9.63000e+00	5.166411e+00	
1964	-9.64000e+00	5.166411e+00	
1965	-9.65000e+00	5.166411e+00	
1966	-9.66000e+00	5.166411e+00	
1967	-9.67000e+00	5.166411e+00	
1968	-9.68000e+00	5.166411e+00	

Index   v-sweep         v(8)            
--------------------------------------------------------------------------------
1969	-9.69000e+00	5.166411e+00	
1970	-9.70000e+00	5.166411e+00	
1971	-9.71000e+00	5.166411e+00	
1972	-9.72000e+00	5.166411e+00	
1973	-9.73000e+00	5.166411e+00	
1974	-9.74000e+00	5.166411e+00	
1975	-9.75000e+00	5.166411e+00	
1976	-9.76000e+00	5.166411e+00	
1977	-9.77000e+00	5.166411e+00	
1978	-9.78000e+00	5.166411e+00	
1979	-9.79000e+00	5.166411e+00	
1980	-9.80000e+00	5.166411e+00	
1981	-9.81000e+00	5.166411e+00	
1982	-9.82000e+00	5.166411e+00	
1983	-9.83000e+00	5.166411e+00	
1984	-9.84000e+00	5.166411e+00	
1985	-9.85000e+00	5.166411e+00	
1986	-9.86000e+00	5.166411e+00	
1987	-9.87000e+00	5.166411e+00	
1988	-9.88000e+00	5.166411e+00	
1989	-9.89000e+00	5.166411e+00	
1990	-9.90000e+00	5.166411e+00	
1991	-9.91000e+00	5.166411e+00	
1992	-9.92000e+00	5.166411e+00	
1993	-9.93000e+00	5.166411e+00	
1994	-9.94000e+00	5.166411e+00	
1995	-9.95000e+00	5.166411e+00	
1996	-9.96000e+00	5.166411e+00	
1997	-9.97000e+00	5.166411e+00	
1998	-9.98000e+00	5.166411e+00	
1999	-9.99000e+00	5.166411e+00	
2000	-1.00000e+01	5.166411e+00	
