
Circuit: inverting amplifier with opamp

                         inverting amplifier with opamp
                         AC Analysis  Tue Jan 25 19:37:22  2022
--------------------------------------------------------------------------------
Index   frequency       vdb(4) - vdb(5) 
--------------------------------------------------------------------------------
0	1.000000e-02	3.999559e+01	
1	1.258925e-02	3.999559e+01	
2	1.584893e-02	3.999559e+01	
3	1.995262e-02	3.999559e+01	
4	2.511886e-02	3.999559e+01	
5	3.162278e-02	3.999559e+01	
6	3.981072e-02	3.999559e+01	
7	5.011872e-02	3.999559e+01	
8	6.309573e-02	3.999559e+01	
9	7.943282e-02	3.999559e+01	
10	1.000000e-01	3.999559e+01	
11	1.258925e-01	3.999559e+01	
12	1.584893e-01	3.999559e+01	
13	1.995262e-01	3.999559e+01	
14	2.511886e-01	3.999559e+01	
15	3.162278e-01	3.999559e+01	
16	3.981072e-01	3.999559e+01	
17	5.011872e-01	3.999559e+01	
18	6.309573e-01	3.999559e+01	
19	7.943282e-01	3.999559e+01	
20	1.000000e+00	3.999559e+01	
21	1.258925e+00	3.999559e+01	
22	1.584893e+00	3.999559e+01	
23	1.995262e+00	3.999559e+01	
24	2.511886e+00	3.999559e+01	
25	3.162278e+00	3.999559e+01	
26	3.981072e+00	3.999559e+01	
27	5.011872e+00	3.999559e+01	
28	6.309573e+00	3.999559e+01	
29	7.943282e+00	3.999558e+01	
30	1.000000e+01	3.999558e+01	
31	1.258925e+01	3.999558e+01	
32	1.584893e+01	3.999558e+01	
33	1.995262e+01	3.999557e+01	
34	2.511886e+01	3.999556e+01	
35	3.162278e+01	3.999554e+01	
36	3.981072e+01	3.999552e+01	
37	5.011872e+01	3.999548e+01	
38	6.309573e+01	3.999541e+01	
39	7.943282e+01	3.999531e+01	
40	1.000000e+02	3.999515e+01	
41	1.258925e+02	3.999489e+01	
42	1.584893e+02	3.999448e+01	
43	1.995262e+02	3.999383e+01	
44	2.511886e+02	3.999281e+01	
45	3.162278e+02	3.999118e+01	
46	3.981072e+02	3.998861e+01	
47	5.011872e+02	3.998454e+01	
48	6.309573e+02	3.997809e+01	
49	7.943282e+02	3.996788e+01	
50	1.000000e+03	3.995176e+01	
51	1.258925e+03	3.992633e+01	
52	1.584893e+03	3.988632e+01	
53	1.995262e+03	3.982367e+01	
54	2.511886e+03	3.972618e+01	

Index   frequency       vdb(4) - vdb(5) 
--------------------------------------------------------------------------------
55	3.162278e+03	3.957602e+01	
56	3.981072e+03	3.934818e+01	
57	5.011872e+03	3.900991e+01	
58	6.309573e+03	3.852254e+01	
59	7.943282e+03	3.784719e+01	
60	1.000000e+04	3.695430e+01	
61	1.258925e+04	3.583314e+01	
62	1.584893e+04	3.449577e+01	
63	1.995262e+04	3.297259e+01	
64	2.511886e+04	3.130264e+01	
65	3.162278e+04	2.952429e+01	
66	3.981072e+04	2.766971e+01	
67	5.011872e+04	2.576325e+01	
68	6.309573e+04	2.382206e+01	
69	7.943282e+04	2.185757e+01	
70	1.000000e+05	1.987692e+01	
71	1.258925e+05	1.788408e+01	
72	1.584893e+05	1.588055e+01	
73	1.995262e+05	1.386557e+01	
74	2.511886e+05	1.183607e+01	
75	3.162278e+05	9.786061e+00	
76	3.981072e+05	7.705701e+00	
77	5.011872e+05	5.579932e+00	
78	6.309573e+05	3.386961e+00	
79	7.943282e+05	1.097238e+00	
80	1.000000e+06	-1.32583e+00	
81	1.258925e+06	-3.92172e+00	
82	1.584893e+06	-6.72456e+00	
83	1.995262e+06	-9.75279e+00	
84	2.511886e+06	-1.30024e+01	
85	3.162278e+06	-1.64478e+01	
86	3.981072e+06	-2.00502e+01	
87	5.011872e+06	-2.37668e+01	
88	6.309573e+06	-2.75576e+01	
89	7.943282e+06	-3.13873e+01	
90	1.000000e+07	-3.52242e+01	
