
Circuit: inverting amplifier with opamp

                         inverting amplifier with opamp
                         AC Analysis  Tue Jan 25 19:58:33  2022
--------------------------------------------------------------------------------
Index   frequency       vdb(5) - vdb(1) 
--------------------------------------------------------------------------------
0	1.000000e-02	2.082709e+01	
1	1.258925e-02	2.082709e+01	
2	1.584893e-02	2.082709e+01	
3	1.995262e-02	2.082709e+01	
4	2.511886e-02	2.082709e+01	
5	3.162278e-02	2.082709e+01	
6	3.981072e-02	2.082709e+01	
7	5.011872e-02	2.082709e+01	
8	6.309573e-02	2.082709e+01	
9	7.943282e-02	2.082709e+01	
10	1.000000e-01	2.082709e+01	
11	1.258925e-01	2.082709e+01	
12	1.584893e-01	2.082709e+01	
13	1.995262e-01	2.082709e+01	
14	2.511886e-01	2.082709e+01	
15	3.162278e-01	2.082709e+01	
16	3.981072e-01	2.082709e+01	
17	5.011872e-01	2.082709e+01	
18	6.309573e-01	2.082709e+01	
19	7.943282e-01	2.082709e+01	
20	1.000000e+00	2.082709e+01	
21	1.258925e+00	2.082709e+01	
22	1.584893e+00	2.082709e+01	
23	1.995262e+00	2.082709e+01	
24	2.511886e+00	2.082709e+01	
25	3.162278e+00	2.082709e+01	
26	3.981072e+00	2.082709e+01	
27	5.011872e+00	2.082709e+01	
28	6.309573e+00	2.082709e+01	
29	7.943282e+00	2.082709e+01	
30	1.000000e+01	2.082709e+01	
31	1.258925e+01	2.082709e+01	
32	1.584893e+01	2.082709e+01	
33	1.995262e+01	2.082709e+01	
34	2.511886e+01	2.082709e+01	
35	3.162278e+01	2.082709e+01	
36	3.981072e+01	2.082709e+01	
37	5.011872e+01	2.082709e+01	
38	6.309573e+01	2.082709e+01	
39	7.943282e+01	2.082709e+01	
40	1.000000e+02	2.082709e+01	
41	1.258925e+02	2.082709e+01	
42	1.584893e+02	2.082708e+01	
43	1.995262e+02	2.082708e+01	
44	2.511886e+02	2.082706e+01	
45	3.162278e+02	2.082705e+01	
46	3.981072e+02	2.082702e+01	
47	5.011872e+02	2.082697e+01	
48	6.309573e+02	2.082690e+01	
49	7.943282e+02	2.082679e+01	
50	1.000000e+03	2.082662e+01	
51	1.258925e+03	2.082634e+01	
52	1.584893e+03	2.082590e+01	
53	1.995262e+03	2.082520e+01	
54	2.511886e+03	2.082408e+01	

Index   frequency       vdb(5) - vdb(1) 
--------------------------------------------------------------------------------
55	3.162278e+03	2.082232e+01	
56	3.981072e+03	2.081954e+01	
57	5.011872e+03	2.081512e+01	
58	6.309573e+03	2.080813e+01	
59	7.943282e+03	2.079708e+01	
60	1.000000e+04	2.077962e+01	
61	1.258925e+04	2.075209e+01	
62	1.584893e+04	2.070881e+01	
63	1.995262e+04	2.064109e+01	
64	2.511886e+04	2.053585e+01	
65	3.162278e+04	2.037407e+01	
66	3.981072e+04	2.012934e+01	
67	5.011872e+04	1.976747e+01	
68	6.309573e+04	1.924893e+01	
69	7.943282e+04	1.853518e+01	
70	1.000000e+05	1.759840e+01	
71	1.258925e+05	1.643036e+01	
72	1.584893e+05	1.504471e+01	
73	1.995262e+05	1.347091e+01	
74	2.511886e+05	1.174364e+01	
75	3.162278e+05	9.893025e+00	
76	3.981072e+05	7.938726e+00	
77	5.011872e+05	5.887241e+00	
78	6.309573e+05	3.731262e+00	
79	7.943282e+05	1.450425e+00	
80	1.000000e+06	-9.85889e-01	
81	1.258925e+06	-3.61233e+00	
82	1.584893e+06	-6.45772e+00	
83	1.995262e+06	-9.53454e+00	
84	2.511886e+06	-1.28332e+01	
85	3.162278e+06	-1.63251e+01	
86	3.981072e+06	-1.99713e+01	
87	5.011872e+06	-2.37326e+01	
88	6.309573e+06	-2.75751e+01	
89	7.943282e+06	-3.14731e+01	
90	1.000000e+07	-3.54079e+01	
